
          ----Time evolution at specified elements----

 
   Unit: 
    - Aqueous species: Total concencentrations in mol/L     
    - Exchanged species: Concentrations in mol/L     
    - Component in dry nodes in mol/L medium
    - Minerals: Changes of abundance in volume fraction      
 
ELEM    Time(yr)      P(bar)        Sg         Sl      T(C)      pH    I.STR         aH2O   Porosity  Perm(m^2)   t_ca+2      t_mg+2      t_na+       t_k+        t_hco3-     t_so4-2     t_cl-       X_na+       X_k+        X_ca+2      X_mg+2      X_h+        calcite     chg.bal.(eq
F  11 0.000000E+00  0.1010E+01 0.0000E+00 0.1000E+01   4.000   6.701  0.1384E+00  0.9963E+00  0.30000  0.3000E-11  0.0000E+00  0.0000E+00  0.0000E+00  0.0000E+00  0.0000E+00  0.0000E+00  0.0000E+00  0.0000E+00  0.0000E+00  0.0000E+00  0.0000E+00  0.0000E+00  0.0000E+00  0.2430E-03
F  11 0.982358E+01  0.1008E+01 0.0000E+00 0.1000E+01   4.000   6.727  0.1405E+00  0.9962E+00  0.30002  0.3000E-11  0.6980E-02  0.1198E-01  0.8928E-01  0.2173E-02  0.2681E-01  0.2672E-03  0.1018E+00  0.5064E-01  0.6284E-02  0.9639E-02  0.1756E-01  0.3345E-01 -0.2309E-04  0.8021E-02
F  11 0.324178E+03  0.1007E+01 0.0000E+00 0.1000E+01   4.000   6.727  0.1405E+00  0.9962E+00  0.30002  0.3000E-11  0.6980E-02  0.1198E-01  0.8928E-01  0.2173E-02  0.2681E-01  0.2672E-03  0.1018E+00  0.5064E-01  0.6284E-02  0.9639E-02  0.1756E-01  0.3345E-01 -0.2309E-04  0.8021E-02
F  11 0.103835E+05  0.1007E+01 0.0000E+00 0.1000E+01   4.000   6.727  0.1405E+00  0.9962E+00  0.30002  0.3000E-11  0.6980E-02  0.1198E-01  0.8928E-01  0.2173E-02  0.2681E-01  0.2672E-03  0.1018E+00  0.5064E-01  0.6284E-02  0.9639E-02  0.1756E-01  0.3345E-01 -0.2309E-04  0.8021E-02
F  11 0.100001E+06  0.1007E+01 0.0000E+00 0.1000E+01   4.000   6.727  0.1405E+00  0.9962E+00  0.30002  0.3000E-11  0.6980E-02  0.1198E-01  0.8928E-01  0.2173E-02  0.2681E-01  0.2672E-03  0.1018E+00  0.5064E-01  0.6284E-02  0.9639E-02  0.1756E-01  0.3345E-01 -0.2309E-04  0.8021E-02
F  11 0.133861E+06  0.1007E+01 0.0000E+00 0.1000E+01   4.000   6.727  0.1405E+00  0.9962E+00  0.30002  0.3000E-11  0.6980E-02  0.1198E-01  0.8928E-01  0.2173E-02  0.2681E-01  0.2672E-03  0.1018E+00  0.5064E-01  0.6284E-02  0.9639E-02  0.1756E-01  0.3345E-01 -0.2309E-04  0.8021E-02
F  11 0.601319E+06  0.1007E+01 0.0000E+00 0.1000E+01   4.000   6.727  0.1405E+00  0.9962E+00  0.30002  0.3000E-11  0.6980E-02  0.1198E-01  0.8928E-01  0.2173E-02  0.2681E-01  0.2672E-03  0.1018E+00  0.5064E-01  0.6284E-02  0.9639E-02  0.1756E-01  0.3345E-01 -0.2309E-04  0.8021E-02
F  11 0.100001E+07  0.1007E+01 0.0000E+00 0.1000E+01   4.000   6.727  0.1405E+00  0.9962E+00  0.30002  0.3000E-11  0.6980E-02  0.1198E-01  0.8928E-01  0.2173E-02  0.2681E-01  0.2672E-03  0.1018E+00  0.5064E-01  0.6284E-02  0.9639E-02  0.1756E-01  0.3345E-01 -0.2309E-04  0.8021E-02
F  11 0.109994E+07  0.1007E+01 0.0000E+00 0.1000E+01   4.000   6.727  0.1405E+00  0.9962E+00  0.30002  0.3000E-11  0.6980E-02  0.1198E-01  0.8928E-01  0.2173E-02  0.2681E-01  0.2672E-03  0.1018E+00  0.5064E-01  0.6284E-02  0.9639E-02  0.1756E-01  0.3345E-01 -0.2309E-04  0.8021E-02
F  11 0.159961E+07  0.1007E+01 0.0000E+00 0.1000E+01   4.000   6.727  0.1405E+00  0.9962E+00  0.30002  0.3000E-11  0.6980E-02  0.1198E-01  0.8928E-01  0.2173E-02  0.2681E-01  0.2672E-03  0.1018E+00  0.5064E-01  0.6284E-02  0.9639E-02  0.1756E-01  0.3345E-01 -0.2309E-04  0.8020E-02
F  11 0.209928E+07  0.1007E+01 0.0000E+00 0.1000E+01   4.000   6.727  0.1405E+00  0.9962E+00  0.30002  0.3000E-11  0.6980E-02  0.1197E-01  0.8928E-01  0.2173E-02  0.2681E-01  0.2672E-03  0.1018E+00  0.5064E-01  0.6284E-02  0.9639E-02  0.1756E-01  0.3345E-01 -0.2309E-04  0.8020E-02
F  11 0.259895E+07  0.1007E+01 0.0000E+00 0.1000E+01   4.000   6.727  0.1405E+00  0.9962E+00  0.30002  0.3000E-11  0.6979E-02  0.1197E-01  0.8928E-01  0.2173E-02  0.2681E-01  0.2672E-03  0.1018E+00  0.5064E-01  0.6284E-02  0.9639E-02  0.1756E-01  0.3344E-01 -0.2309E-04  0.8020E-02
F  11 0.309863E+07  0.1007E+01 0.0000E+00 0.1000E+01   4.000   6.727  0.1405E+00  0.9962E+00  0.30002  0.3000E-11  0.6978E-02  0.1197E-01  0.8927E-01  0.2173E-02  0.2681E-01  0.2672E-03  0.1018E+00  0.5064E-01  0.6284E-02  0.9639E-02  0.1756E-01  0.3344E-01 -0.2309E-04  0.8019E-02
F  11 0.359830E+07  0.1007E+01 0.0000E+00 0.1000E+01   4.000   6.727  0.1405E+00  0.9963E+00  0.30002  0.3000E-11  0.6976E-02  0.1197E-01  0.8925E-01  0.2173E-02  0.2681E-01  0.2671E-03  0.1017E+00  0.5064E-01  0.6284E-02  0.9640E-02  0.1756E-01  0.3344E-01 -0.2310E-04  0.8017E-02
F  11 0.409797E+07  0.1007E+01 0.0000E+00 0.1000E+01   4.000   6.727  0.1404E+00  0.9963E+00  0.30002  0.3000E-11  0.6971E-02  0.1196E-01  0.8922E-01  0.2172E-02  0.2681E-01  0.2669E-03  0.1017E+00  0.5064E-01  0.6284E-02  0.9641E-02  0.1756E-01  0.3344E-01 -0.2311E-04  0.8013E-02
F  11 0.459764E+07  0.1007E+01 0.0000E+00 0.1000E+01   4.000   6.727  0.1403E+00  0.9963E+00  0.30002  0.3000E-11  0.6963E-02  0.1194E-01  0.8916E-01  0.2170E-02  0.2681E-01  0.2666E-03  0.1016E+00  0.5064E-01  0.6284E-02  0.9644E-02  0.1756E-01  0.3344E-01 -0.2313E-04  0.8006E-02
F  11 0.509731E+07  0.1007E+01 0.0000E+00 0.1000E+01   4.000   6.728  0.1400E+00  0.9963E+00  0.30002  0.3000E-11  0.6948E-02  0.1191E-01  0.8905E-01  0.2168E-02  0.2681E-01  0.2662E-03  0.1014E+00  0.5064E-01  0.6284E-02  0.9648E-02  0.1756E-01  0.3344E-01 -0.2317E-04  0.7995E-02
F  11 0.559698E+07  0.1007E+01 0.0000E+00 0.1000E+01   4.000   6.729  0.1397E+00  0.9963E+00  0.30002  0.3000E-11  0.6927E-02  0.1187E-01  0.8889E-01  0.2164E-02  0.2680E-01  0.2654E-03  0.1011E+00  0.5063E-01  0.6283E-02  0.9654E-02  0.1756E-01  0.3343E-01 -0.2323E-04  0.7977E-02
F  11 0.609665E+07  0.1007E+01 0.0000E+00 0.1000E+01   4.000   6.730  0.1392E+00  0.9963E+00  0.30002  0.3000E-11  0.6896E-02  0.1180E-01  0.8865E-01  0.2159E-02  0.2679E-01  0.2644E-03  0.1007E+00  0.5062E-01  0.6283E-02  0.9664E-02  0.1756E-01  0.3342E-01 -0.2332E-04  0.7952E-02
F  11 0.659633E+07  0.1007E+01 0.0000E+00 0.1000E+01   4.000   6.731  0.1385E+00  0.9963E+00  0.30002  0.3000E-11  0.6855E-02  0.1172E-01  0.8833E-01  0.2151E-02  0.2678E-01  0.2629E-03  0.1001E+00  0.5061E-01  0.6283E-02  0.9677E-02  0.1756E-01  0.3340E-01 -0.2345E-04  0.7917E-02
F  11 0.709600E+07  0.1007E+01 0.0000E+00 0.1000E+01   4.000   6.733  0.1376E+00  0.9963E+00  0.30002  0.3000E-11  0.6803E-02  0.1161E-01  0.8792E-01  0.2142E-02  0.2676E-01  0.2611E-03  0.9943E-01  0.5060E-01  0.6283E-02  0.9695E-02  0.1756E-01  0.3338E-01 -0.2363E-04  0.7872E-02
F  11 0.759567E+07  0.1007E+01 0.0000E+00 0.1000E+01   4.000   6.735  0.1365E+00  0.9963E+00  0.30002  0.3000E-11  0.6737E-02  0.1147E-01  0.8739E-01  0.2130E-02  0.2673E-01  0.2588E-03  0.9855E-01  0.5057E-01  0.6283E-02  0.9718E-02  0.1756E-01  0.3336E-01 -0.2385E-04  0.7815E-02
F  11 0.809534E+07  0.1007E+01 0.0000E+00 0.1000E+01   4.000   6.738  0.1352E+00  0.9964E+00  0.30002  0.3000E-11  0.6659E-02  0.1130E-01  0.8676E-01  0.2115E-02  0.2669E-01  0.2560E-03  0.9749E-01  0.5055E-01  0.6283E-02  0.9747E-02  0.1756E-01  0.3332E-01 -0.2414E-04  0.7747E-02
F  11 0.859501E+07  0.1007E+01 0.0000E+00 0.1000E+01   4.000   6.742  0.1337E+00  0.9964E+00  0.30002  0.3000E-11  0.6568E-02  0.1111E-01  0.8601E-01  0.2098E-02  0.2665E-01  0.2527E-03  0.9624E-01  0.5051E-01  0.6282E-02  0.9783E-02  0.1756E-01  0.3328E-01 -0.2449E-04  0.7666E-02
F  11 0.909468E+07  0.1007E+01 0.0000E+00 0.1000E+01   4.000   6.746  0.1319E+00  0.9965E+00  0.30002  0.3000E-11  0.6464E-02  0.1089E-01  0.8514E-01  0.2078E-02  0.2659E-01  0.2490E-03  0.9481E-01  0.5047E-01  0.6282E-02  0.9825E-02  0.1757E-01  0.3323E-01 -0.2490E-04  0.7573E-02
F  11 0.959435E+07  0.1007E+01 0.0000E+00 0.1000E+01   4.000   6.751  0.1299E+00  0.9965E+00  0.30003  0.3000E-11  0.6348E-02  0.1064E-01  0.8415E-01  0.2056E-02  0.2652E-01  0.2448E-03  0.9320E-01  0.5042E-01  0.6281E-02  0.9875E-02  0.1757E-01  0.3318E-01 -0.2539E-04  0.7467E-02
F  11 0.100001E+08  0.1007E+01 0.0000E+00 0.1000E+01   4.000   6.755  0.1281E+00  0.9965E+00  0.30003  0.3000E-11  0.6246E-02  0.1043E-01  0.8327E-01  0.2035E-02  0.2646E-01  0.2410E-03  0.9177E-01  0.5037E-01  0.6281E-02  0.9920E-02  0.1758E-01  0.3312E-01 -0.2583E-04  0.7373E-02
F  11 0.102788E+08  0.1007E+01 0.0000E+00 0.1000E+01   4.000   6.759  0.1268E+00  0.9966E+00  0.30003  0.3000E-11  0.6172E-02  0.1027E-01  0.8263E-01  0.2021E-02  0.2641E-01  0.2383E-03  0.9073E-01  0.5033E-01  0.6280E-02  0.9954E-02  0.1758E-01  0.3308E-01 -0.2617E-04  0.7305E-02
F  11 0.107785E+08  0.1007E+01 0.0000E+00 0.1000E+01   4.000   6.765  0.1244E+00  0.9966E+00  0.30003  0.3000E-11  0.6032E-02  0.9976E-02  0.8139E-01  0.1993E-02  0.2631E-01  0.2331E-03  0.8876E-01  0.5026E-01  0.6279E-02  0.1002E-01  0.1759E-01  0.3301E-01 -0.2683E-04  0.7173E-02
F  11 0.112781E+08  0.1007E+01 0.0000E+00 0.1000E+01   4.000   6.772  0.1218E+00  0.9967E+00  0.30003  0.3000E-11  0.5883E-02  0.9664E-02  0.8006E-01  0.1963E-02  0.2620E-01  0.2276E-03  0.8664E-01  0.5018E-01  0.6278E-02  0.1010E-01  0.1760E-01  0.3292E-01 -0.2757E-04  0.7033E-02
F  11 0.117778E+08  0.1007E+01 0.0000E+00 0.1000E+01   4.000   6.779  0.1190E+00  0.9968E+00  0.30003  0.3000E-11  0.5727E-02  0.9340E-02  0.7864E-01  0.1931E-02  0.2608E-01  0.2218E-03  0.8442E-01  0.5009E-01  0.6277E-02  0.1018E-01  0.1761E-01  0.3282E-01 -0.2838E-04  0.6884E-02
F  11 0.122775E+08  0.1007E+01 0.0000E+00 0.1000E+01   4.000   6.787  0.1161E+00  0.9968E+00  0.30003  0.3000E-11  0.5566E-02  0.9005E-02  0.7715E-01  0.1897E-02  0.2595E-01  0.2157E-03  0.8210E-01  0.4999E-01  0.6275E-02  0.1027E-01  0.1762E-01  0.3272E-01 -0.2927E-04  0.6727E-02
F  11 0.127772E+08  0.1007E+01 0.0000E+00 0.1000E+01   4.000   6.795  0.1132E+00  0.9969E+00  0.30003  0.3000E-11  0.5400E-02  0.8663E-02  0.7560E-01  0.1862E-02  0.2581E-01  0.2094E-03  0.7970E-01  0.4989E-01  0.6274E-02  0.1036E-01  0.1764E-01  0.3260E-01 -0.3024E-04  0.6565E-02
F  11 0.132768E+08  0.1007E+01 0.0000E+00 0.1000E+01   4.000   6.804  0.1101E+00  0.9970E+00  0.30003  0.3000E-11  0.5231E-02  0.8317E-02  0.7398E-01  0.1826E-02  0.2565E-01  0.2030E-03  0.7723E-01  0.4977E-01  0.6272E-02  0.1047E-01  0.1765E-01  0.3248E-01 -0.3128E-04  0.6397E-02
F  11 0.137765E+08  0.1007E+01 0.0000E+00 0.1000E+01   4.000   6.814  0.1071E+00  0.9971E+00  0.30003  0.3000E-11  0.5060E-02  0.7970E-02  0.7233E-01  0.1788E-02  0.2549E-01  0.1964E-03  0.7473E-01  0.4965E-01  0.6270E-02  0.1058E-01  0.1767E-01  0.3235E-01 -0.3239E-04  0.6226E-02
F  11 0.142762E+08  0.1007E+01 0.0000E+00 0.1000E+01   4.000   6.824  0.1039E+00  0.9971E+00  0.30003  0.3000E-11  0.4888E-02  0.7624E-02  0.7064E-01  0.1750E-02  0.2533E-01  0.1898E-03  0.7219E-01  0.4952E-01  0.6268E-02  0.1070E-01  0.1769E-01  0.3221E-01 -0.3358E-04  0.6053E-02
F  11 0.147759E+08  0.1007E+01 0.0000E+00 0.1000E+01   4.000   6.834  0.1008E+00  0.9972E+00  0.30003  0.3000E-11  0.4716E-02  0.7281E-02  0.6893E-01  0.1712E-02  0.2515E-01  0.1831E-03  0.6965E-01  0.4938E-01  0.6265E-02  0.1082E-01  0.1771E-01  0.3206E-01 -0.3483E-04  0.5877E-02
F  11 0.152755E+08  0.1007E+01 0.0000E+00 0.1000E+01   4.000   6.845  0.9767E-01  0.9973E+00  0.30004  0.3000E-11  0.4545E-02  0.6944E-02  0.6720E-01  0.1673E-02  0.2497E-01  0.1764E-03  0.6710E-01  0.4923E-01  0.6263E-02  0.1095E-01  0.1774E-01  0.3190E-01 -0.3615E-04  0.5701E-02
F  11 0.157752E+08  0.1007E+01 0.0000E+00 0.1000E+01   4.000   6.856  0.9457E-01  0.9974E+00  0.30004  0.3000E-11  0.4377E-02  0.6614E-02  0.6546E-01  0.1634E-02  0.2478E-01  0.1698E-03  0.6456E-01  0.4908E-01  0.6260E-02  0.1109E-01  0.1776E-01  0.3174E-01 -0.3754E-04  0.5525E-02
F  11 0.162749E+08  0.1007E+01 0.0000E+00 0.1000E+01   4.000   6.867  0.9149E-01  0.9974E+00  0.30004  0.3000E-11  0.4211E-02  0.6291E-02  0.6372E-01  0.1594E-02  0.2459E-01  0.1632E-03  0.6205E-01  0.4892E-01  0.6257E-02  0.1123E-01  0.1778E-01  0.3156E-01 -0.3899E-04  0.5350E-02
F  11 0.167745E+08  0.1007E+01 0.0000E+00 0.1000E+01   4.000   6.879  0.8846E-01  0.9975E+00  0.30004  0.3000E-11  0.4048E-02  0.5979E-02  0.6199E-01  0.1555E-02  0.2439E-01  0.1567E-03  0.5957E-01  0.4876E-01  0.6254E-02  0.1137E-01  0.1781E-01  0.3139E-01 -0.4050E-04  0.5177E-02
F  11 0.172742E+08  0.1007E+01 0.0000E+00 0.1000E+01   4.000   6.891  0.8548E-01  0.9976E+00  0.30004  0.3000E-11  0.3889E-02  0.5676E-02  0.6028E-01  0.1516E-02  0.2419E-01  0.1503E-03  0.5713E-01  0.4859E-01  0.6251E-02  0.1153E-01  0.1784E-01  0.3120E-01 -0.4207E-04  0.5006E-02
F  11 0.177739E+08  0.1007E+01 0.0000E+00 0.1000E+01   4.000   6.904  0.8257E-01  0.9977E+00  0.30004  0.3000E-11  0.3734E-02  0.5385E-02  0.5858E-01  0.1478E-02  0.2399E-01  0.1441E-03  0.5474E-01  0.4841E-01  0.6248E-02  0.1168E-01  0.1786E-01  0.3101E-01 -0.4370E-04  0.4837E-02
F  11 0.182736E+08  0.1007E+01 0.0000E+00 0.1000E+01   4.000   6.916  0.7972E-01  0.9977E+00  0.30005  0.3000E-11  0.3584E-02  0.5105E-02  0.5690E-01  0.1440E-02  0.2379E-01  0.1380E-03  0.5241E-01  0.4824E-01  0.6244E-02  0.1185E-01  0.1789E-01  0.3081E-01 -0.4538E-04  0.4672E-02
F  11 0.187732E+08  0.1007E+01 0.0000E+00 0.1000E+01   4.000   6.929  0.7695E-01  0.9978E+00  0.30005  0.3000E-11  0.3438E-02  0.4837E-02  0.5526E-01  0.1403E-02  0.2358E-01  0.1320E-03  0.5013E-01  0.4806E-01  0.6241E-02  0.1201E-01  0.1792E-01  0.3061E-01 -0.4712E-04  0.4511E-02
F  11 0.192729E+08  0.1007E+01 0.0000E+00 0.1000E+01   4.000   6.942  0.7426E-01  0.9979E+00  0.30005  0.3000E-11  0.3297E-02  0.4581E-02  0.5364E-01  0.1366E-02  0.2337E-01  0.1262E-03  0.4792E-01  0.4787E-01  0.6237E-02  0.1218E-01  0.1794E-01  0.3040E-01 -0.4891E-04  0.4353E-02
F  11 0.197726E+08  0.1007E+01 0.0000E+00 0.1000E+01   4.000   6.955  0.7165E-01  0.9980E+00  0.30005  0.3000E-11  0.3162E-02  0.4337E-02  0.5206E-01  0.1330E-02  0.2316E-01  0.1206E-03  0.4578E-01  0.4768E-01  0.6233E-02  0.1236E-01  0.1797E-01  0.3019E-01 -0.5075E-04  0.4200E-02
F  11 0.202722E+08  0.1007E+01 0.0000E+00 0.1000E+01   4.000   6.968  0.6913E-01  0.9980E+00  0.30005  0.3000E-11  0.3032E-02  0.4105E-02  0.5052E-01  0.1295E-02  0.2295E-01  0.1152E-03  0.4371E-01  0.4749E-01  0.6230E-02  0.1254E-01  0.1800E-01  0.2997E-01 -0.5264E-04  0.4051E-02
F  11 0.207719E+08  0.1007E+01 0.0000E+00 0.1000E+01   4.000   6.981  0.6670E-01  0.9981E+00  0.30005  0.3000E-11  0.2907E-02  0.3885E-02  0.4901E-01  0.1260E-02  0.2274E-01  0.1099E-03  0.4170E-01  0.4730E-01  0.6226E-02  0.1272E-01  0.1802E-01  0.2975E-01 -0.5458E-04  0.3907E-02
F  11 0.212716E+08  0.1007E+01 0.0000E+00 0.1000E+01   4.000   6.995  0.6435E-01  0.9981E+00  0.30006  0.3000E-11  0.2787E-02  0.3677E-02  0.4755E-01  0.1227E-02  0.2253E-01  0.1049E-03  0.3977E-01  0.4710E-01  0.6222E-02  0.1291E-01  0.1805E-01  0.2952E-01 -0.5656E-04  0.3768E-02
F  11 0.217713E+08  0.1007E+01 0.0000E+00 0.1000E+01   4.000   7.008  0.6209E-01  0.9982E+00  0.30006  0.3000E-11  0.2673E-02  0.3479E-02  0.4612E-01  0.1194E-02  0.2232E-01  0.1000E-03  0.3791E-01  0.4690E-01  0.6218E-02  0.1310E-01  0.1807E-01  0.2929E-01 -0.5859E-04  0.3633E-02
F  11 0.222709E+08  0.1007E+01 0.0000E+00 0.1000E+01   4.000   7.022  0.5992E-01  0.9983E+00  0.30006  0.3000E-11  0.2564E-02  0.3293E-02  0.4474E-01  0.1162E-02  0.2211E-01  0.9533E-04  0.3613E-01  0.4670E-01  0.6214E-02  0.1330E-01  0.1810E-01  0.2906E-01 -0.6066E-04  0.3503E-02
F  11 0.227706E+08  0.1007E+01 0.0000E+00 0.1000E+01   4.000   7.036  0.5783E-01  0.9983E+00  0.30006  0.3000E-11  0.2460E-02  0.3117E-02  0.4341E-01  0.1132E-02  0.2190E-01  0.9084E-04  0.3441E-01  0.4650E-01  0.6209E-02  0.1349E-01  0.1812E-01  0.2882E-01 -0.6278E-04  0.3378E-02
F  11 0.232703E+08  0.1007E+01 0.0000E+00 0.1000E+01   4.000   7.050  0.5583E-01  0.9984E+00  0.30006  0.3000E-11  0.2360E-02  0.2951E-02  0.4211E-01  0.1102E-02  0.2168E-01  0.8654E-04  0.3277E-01  0.4630E-01  0.6205E-02  0.1369E-01  0.1815E-01  0.2858E-01 -0.6493E-04  0.3258E-02
F  11 0.237699E+08  0.1007E+01 0.0000E+00 0.1000E+01   4.000   7.063  0.5391E-01  0.9984E+00  0.30007  0.3000E-11  0.2266E-02  0.2795E-02  0.4086E-01  0.1073E-02  0.2147E-01  0.8242E-04  0.3120E-01  0.4610E-01  0.6201E-02  0.1390E-01  0.1817E-01  0.2834E-01 -0.6712E-04  0.3143E-02
F  11 0.242696E+08  0.1007E+01 0.0000E+00 0.1000E+01   4.000   7.077  0.5207E-01  0.9985E+00  0.30007  0.3000E-11  0.2176E-02  0.2648E-02  0.3965E-01  0.1045E-02  0.2126E-01  0.7848E-04  0.2969E-01  0.4589E-01  0.6196E-02  0.1410E-01  0.1819E-01  0.2809E-01 -0.6934E-04  0.3032E-02
F  11 0.247693E+08  0.1007E+01 0.0000E+00 0.1000E+01   4.000   7.091  0.5031E-01  0.9985E+00  0.30007  0.3000E-11  0.2090E-02  0.2510E-02  0.3848E-01  0.1018E-02  0.2105E-01  0.7471E-04  0.2825E-01  0.4568E-01  0.6192E-02  0.1431E-01  0.1821E-01  0.2784E-01 -0.7160E-04  0.2926E-02
F  11 0.252690E+08  0.1007E+01 0.0000E+00 0.1000E+01   4.000   7.105  0.4862E-01  0.9986E+00  0.30007  0.3000E-11  0.2009E-02  0.2380E-02  0.3735E-01  0.9921E-03  0.2084E-01  0.7112E-04  0.2688E-01  0.4548E-01  0.6188E-02  0.1452E-01  0.1823E-01  0.2759E-01 -0.7390E-04  0.2824E-02
F  11 0.257686E+08  0.1007E+01 0.0000E+00 0.1000E+01   4.000   7.118  0.4701E-01  0.9986E+00  0.30008  0.3000E-11  0.1932E-02  0.2258E-02  0.3626E-01  0.9669E-03  0.2062E-01  0.6769E-04  0.2557E-01  0.4527E-01  0.6183E-02  0.1473E-01  0.1825E-01  0.2734E-01 -0.7622E-04  0.2727E-02
F  11 0.262683E+08  0.1007E+01 0.0000E+00 0.1000E+01   4.000   7.132  0.4547E-01  0.9987E+00  0.30008  0.3000E-11  0.1859E-02  0.2143E-02  0.3522E-01  0.9426E-03  0.2041E-01  0.6442E-04  0.2432E-01  0.4506E-01  0.6179E-02  0.1495E-01  0.1827E-01  0.2708E-01 -0.7858E-04  0.2634E-02
F  11 0.267680E+08  0.1007E+01 0.0000E+00 0.1000E+01   4.000   7.146  0.4400E-01  0.9987E+00  0.30008  0.3000E-11  0.1789E-02  0.2035E-02  0.3421E-01  0.9192E-03  0.2020E-01  0.6131E-04  0.2313E-01  0.4485E-01  0.6174E-02  0.1517E-01  0.1829E-01  0.2683E-01 -0.8096E-04  0.2546E-02
F  11 0.272676E+08  0.1007E+01 0.0000E+00 0.1000E+01   4.000   7.159  0.4259E-01  0.9987E+00  0.30008  0.3000E-11  0.1723E-02  0.1934E-02  0.3324E-01  0.8967E-03  0.1999E-01  0.5835E-04  0.2200E-01  0.4464E-01  0.6170E-02  0.1539E-01  0.1831E-01  0.2657E-01 -0.8337E-04  0.2461E-02
F  11 0.277673E+08  0.1007E+01 0.0000E+00 0.1000E+01   4.000   7.173  0.4124E-01  0.9988E+00  0.30009  0.3000E-11  0.1661E-02  0.1839E-02  0.3230E-01  0.8749E-03  0.1978E-01  0.5553E-04  0.2093E-01  0.4443E-01  0.6165E-02  0.1561E-01  0.1832E-01  0.2631E-01 -0.8580E-04  0.2380E-02
F  11 0.282670E+08  0.1007E+01 0.0000E+00 0.1000E+01   4.000   7.187  0.3996E-01  0.9988E+00  0.30009  0.3000E-11  0.1601E-02  0.1750E-02  0.3140E-01  0.8540E-03  0.1956E-01  0.5285E-04  0.1990E-01  0.4422E-01  0.6161E-02  0.1583E-01  0.1834E-01  0.2605E-01 -0.8826E-04  0.2303E-02
F  11 0.287667E+08  0.1007E+01 0.0000E+00 0.1000E+01   4.000   7.200  0.3873E-01  0.9988E+00  0.30009  0.3000E-11  0.1545E-02  0.1666E-02  0.3054E-01  0.8338E-03  0.1935E-01  0.5030E-04  0.1893E-01  0.4401E-01  0.6156E-02  0.1605E-01  0.1835E-01  0.2579E-01 -0.9074E-04  0.2230E-02
F  11 0.292663E+08  0.1007E+01 0.0000E+00 0.1000E+01   4.000   7.213  0.3755E-01  0.9989E+00  0.30009  0.3000E-11  0.1492E-02  0.1587E-02  0.2971E-01  0.8144E-03  0.1914E-01  0.4787E-04  0.1800E-01  0.4380E-01  0.6151E-02  0.1628E-01  0.1836E-01  0.2553E-01 -0.9324E-04  0.2160E-02
F  11 0.297660E+08  0.1007E+01 0.0000E+00 0.1000E+01   4.000   7.227  0.3643E-01  0.9989E+00  0.30010  0.3000E-11  0.1441E-02  0.1513E-02  0.2890E-01  0.7957E-03  0.1893E-01  0.4557E-04  0.1712E-01  0.4359E-01  0.6147E-02  0.1651E-01  0.1838E-01  0.2526E-01 -0.9576E-04  0.2093E-02
F  11 0.302657E+08  0.1007E+01 0.0000E+00 0.1000E+01   4.000   7.240  0.3536E-01  0.9989E+00  0.30010  0.3000E-11  0.1393E-02  0.1444E-02  0.2813E-01  0.7777E-03  0.1872E-01  0.4339E-04  0.1629E-01  0.4338E-01  0.6142E-02  0.1673E-01  0.1839E-01  0.2500E-01 -0.9829E-04  0.2030E-02
F  11 0.307653E+08  0.1007E+01 0.0000E+00 0.1000E+01   4.000   7.253  0.3433E-01  0.9990E+00  0.30010  0.3000E-11  0.1347E-02  0.1378E-02  0.2739E-01  0.7604E-03  0.1851E-01  0.4131E-04  0.1550E-01  0.4317E-01  0.6137E-02  0.1696E-01  0.1840E-01  0.2474E-01 -0.1008E-03  0.1969E-02
F  11 0.312650E+08  0.1007E+01 0.0000E+00 0.1000E+01   4.000   7.266  0.3335E-01  0.9990E+00  0.30010  0.3000E-11  0.1304E-02  0.1317E-02  0.2668E-01  0.7437E-03  0.1830E-01  0.3934E-04  0.1474E-01  0.4296E-01  0.6133E-02  0.1719E-01  0.1841E-01  0.2447E-01 -0.1034E-03  0.1912E-02
F  11 0.317647E+08  0.1007E+01 0.0000E+00 0.1000E+01   4.000   7.279  0.3241E-01  0.9990E+00  0.30011  0.3000E-11  0.1262E-02  0.1259E-02  0.2599E-01  0.7277E-03  0.1809E-01  0.3747E-04  0.1403E-01  0.4275E-01  0.6128E-02  0.1742E-01  0.1842E-01  0.2421E-01 -0.1060E-03  0.1857E-02
F  11 0.322644E+08  0.1007E+01 0.0000E+00 0.1000E+01   4.000   7.292  0.3151E-01  0.9990E+00  0.30011  0.3000E-11  0.1223E-02  0.1204E-02  0.2533E-01  0.7122E-03  0.1788E-01  0.3570E-04  0.1335E-01  0.4254E-01  0.6123E-02  0.1765E-01  0.1843E-01  0.2394E-01 -0.1086E-03  0.1805E-02
F  11 0.327640E+08  0.1007E+01 0.0000E+00 0.1000E+01   4.000   7.305  0.3065E-01  0.9991E+00  0.30011  0.3000E-11  0.1186E-02  0.1153E-02  0.2470E-01  0.6973E-03  0.1767E-01  0.3402E-04  0.1271E-01  0.4233E-01  0.6119E-02  0.1788E-01  0.1844E-01  0.2368E-01 -0.1112E-03  0.1756E-02
F  11 0.332637E+08  0.1007E+01 0.0000E+00 0.1000E+01   4.000   7.318  0.2982E-01  0.9991E+00  0.30011  0.3000E-11  0.1151E-02  0.1105E-02  0.2409E-01  0.6830E-03  0.1747E-01  0.3242E-04  0.1210E-01  0.4212E-01  0.6114E-02  0.1812E-01  0.1844E-01  0.2342E-01 -0.1138E-03  0.1709E-02
F  11 0.337634E+08  0.1007E+01 0.0000E+00 0.1000E+01   4.000   7.331  0.2903E-01  0.9991E+00  0.30012  0.3000E-11  0.1117E-02  0.1059E-02  0.2350E-01  0.6692E-03  0.1726E-01  0.3091E-04  0.1152E-01  0.4191E-01  0.6109E-02  0.1835E-01  0.1845E-01  0.2316E-01 -0.1164E-03  0.1664E-02
F  11 0.342630E+08  0.1007E+01 0.0000E+00 0.1000E+01   4.000   7.343  0.2827E-01  0.9991E+00  0.30012  0.3000E-11  0.1085E-02  0.1016E-02  0.2293E-01  0.6559E-03  0.1705E-01  0.2947E-04  0.1097E-01  0.4170E-01  0.6104E-02  0.1858E-01  0.1846E-01  0.2289E-01 -0.1190E-03  0.1621E-02
F  11 0.347627E+08  0.1007E+01 0.0000E+00 0.1000E+01   4.000   7.356  0.2755E-01  0.9992E+00  0.30012  0.3000E-11  0.1054E-02  0.9755E-03  0.2239E-01  0.6430E-03  0.1685E-01  0.2811E-04  0.1045E-01  0.4149E-01  0.6100E-02  0.1881E-01  0.1846E-01  0.2263E-01 -0.1216E-03  0.1581E-02
F  11 0.352624E+08  0.1007E+01 0.0000E+00 0.1000E+01   4.000   7.368  0.2685E-01  0.9992E+00  0.30012  0.3000E-11  0.1025E-02  0.9372E-03  0.2186E-01  0.6307E-03  0.1665E-01  0.2681E-04  0.9959E-02  0.4128E-01  0.6095E-02  0.1904E-01  0.1847E-01  0.2237E-01 -0.1242E-03  0.1542E-02
F  11 0.357621E+08  0.1007E+01 0.0000E+00 0.1000E+01   4.000   7.380  0.2618E-01  0.9992E+00  0.30013  0.3000E-11  0.9969E-03  0.9009E-03  0.2135E-01  0.6188E-03  0.1644E-01  0.2559E-04  0.9490E-02  0.4107E-01  0.6090E-02  0.1928E-01  0.1847E-01  0.2211E-01 -0.1268E-03  0.1506E-02
F  11 0.362617E+08  0.1007E+01 0.0000E+00 0.1000E+01   4.000   7.393  0.2554E-01  0.9992E+00  0.30013  0.3000E-11  0.9703E-03  0.8666E-03  0.2086E-01  0.6072E-03  0.1624E-01  0.2442E-04  0.9046E-02  0.4087E-01  0.6086E-02  0.1951E-01  0.1847E-01  0.2185E-01 -0.1295E-03  0.1471E-02
F  11 0.367614E+08  0.1007E+01 0.0000E+00 0.1000E+01   4.000   7.405  0.2492E-01  0.9992E+00  0.30013  0.3000E-11  0.9449E-03  0.8342E-03  0.2039E-01  0.5961E-03  0.1604E-01  0.2332E-04  0.8624E-02  0.4066E-01  0.6081E-02  0.1974E-01  0.1848E-01  0.2159E-01 -0.1321E-03  0.1438E-02
F  11 0.372611E+08  0.1007E+01 0.0000E+00 0.1000E+01   4.000   7.417  0.2433E-01  0.9992E+00  0.30013  0.3000E-11  0.9206E-03  0.8035E-03  0.1994E-01  0.5854E-03  0.1584E-01  0.2227E-04  0.8224E-02  0.4046E-01  0.6076E-02  0.1997E-01  0.1848E-01  0.2134E-01 -0.1347E-03  0.1406E-02
F  11 0.377607E+08  0.1007E+01 0.0000E+00 0.1000E+01   4.000   7.429  0.2375E-01  0.9993E+00  0.30014  0.3000E-11  0.8973E-03  0.7743E-03  0.1950E-01  0.5751E-03  0.1565E-01  0.2128E-04  0.7844E-02  0.4025E-01  0.6071E-02  0.2020E-01  0.1848E-01  0.2108E-01 -0.1373E-03  0.1377E-02
F  11 0.382604E+08  0.1007E+01 0.0000E+00 0.1000E+01   4.000   7.441  0.2320E-01  0.9993E+00  0.30014  0.3000E-11  0.8750E-03  0.7467E-03  0.1907E-01  0.5650E-03  0.1545E-01  0.2033E-04  0.7484E-02  0.4005E-01  0.6067E-02  0.2043E-01  0.1849E-01  0.2082E-01 -0.1399E-03  0.1348E-02
F  11 0.387601E+08  0.1007E+01 0.0000E+00 0.1000E+01   4.000   7.453  0.2267E-01  0.9993E+00  0.30014  0.3000E-11  0.8537E-03  0.7205E-03  0.1866E-01  0.5554E-03  0.1526E-01  0.1944E-04  0.7142E-02  0.3985E-01  0.6062E-02  0.2066E-01  0.1849E-01  0.2057E-01 -0.1425E-03  0.1321E-02
F  11 0.392598E+08  0.1007E+01 0.0000E+00 0.1000E+01   4.000   7.465  0.2217E-01  0.9993E+00  0.30015  0.3000E-11  0.8332E-03  0.6956E-03  0.1827E-01  0.5460E-03  0.1506E-01  0.1859E-04  0.6817E-02  0.3964E-01  0.6057E-02  0.2088E-01  0.1849E-01  0.2032E-01 -0.1451E-03  0.1295E-02
F  11 0.397594E+08  0.1007E+01 0.0000E+00 0.1000E+01   4.000   7.476  0.2167E-01  0.9993E+00  0.30015  0.3000E-11  0.8136E-03  0.6720E-03  0.1789E-01  0.5370E-03  0.1487E-01  0.1778E-04  0.6509E-02  0.3944E-01  0.6053E-02  0.2111E-01  0.1849E-01  0.2007E-01 -0.1477E-03  0.1271E-02
F  11 0.402591E+08  0.1007E+01 0.0000E+00 0.1000E+01   4.000   7.488  0.2120E-01  0.9993E+00  0.30015  0.3000E-11  0.7947E-03  0.6495E-03  0.1751E-01  0.5282E-03  0.1468E-01  0.1701E-04  0.6216E-02  0.3924E-01  0.6048E-02  0.2134E-01  0.1849E-01  0.1982E-01 -0.1503E-03  0.1247E-02
F  11 0.407588E+08  0.1007E+01 0.0000E+00 0.1000E+01   4.000   7.500  0.2074E-01  0.9994E+00  0.30015  0.3000E-11  0.7766E-03  0.6280E-03  0.1716E-01  0.5197E-03  0.1449E-01  0.1628E-04  0.5937E-02  0.3905E-01  0.6043E-02  0.2156E-01  0.1849E-01  0.1957E-01 -0.1529E-03  0.1225E-02
F  11 0.412584E+08  0.1007E+01 0.0000E+00 0.1000E+01   4.000   7.511  0.2030E-01  0.9994E+00  0.30016  0.3000E-11  0.7592E-03  0.6077E-03  0.1681E-01  0.5115E-03  0.1431E-01  0.1559E-04  0.5673E-02  0.3885E-01  0.6039E-02  0.2179E-01  0.1849E-01  0.1933E-01 -0.1554E-03  0.1204E-02
F  11 0.417581E+08  0.1007E+01 0.0000E+00 0.1000E+01   4.000   7.523  0.1988E-01  0.9994E+00  0.30016  0.3000E-11  0.7425E-03  0.5882E-03  0.1648E-01  0.5036E-03  0.1412E-01  0.1493E-04  0.5422E-02  0.3865E-01  0.6034E-02  0.2201E-01  0.1849E-01  0.1908E-01 -0.1580E-03  0.1184E-02
F  11 0.422578E+08  0.1007E+01 0.0000E+00 0.1000E+01   4.000   7.534  0.1946E-01  0.9994E+00  0.30016  0.3000E-11  0.7263E-03  0.5697E-03  0.1615E-01  0.4958E-03  0.1394E-01  0.1431E-04  0.5183E-02  0.3846E-01  0.6029E-02  0.2223E-01  0.1849E-01  0.1884E-01 -0.1605E-03  0.1165E-02
F  11 0.427575E+08  0.1007E+01 0.0000E+00 0.1000E+01   4.000   7.545  0.1907E-01  0.9994E+00  0.30016  0.3000E-11  0.7108E-03  0.5520E-03  0.1584E-01  0.4884E-03  0.1376E-01  0.1371E-04  0.4956E-02  0.3826E-01  0.6025E-02  0.2245E-01  0.1849E-01  0.1860E-01 -0.1630E-03  0.1146E-02
F  11 0.432571E+08  0.1007E+01 0.0000E+00 0.1000E+01   4.000   7.557  0.1868E-01  0.9994E+00  0.30017  0.3000E-11  0.6958E-03  0.5351E-03  0.1553E-01  0.4811E-03  0.1358E-01  0.1315E-04  0.4740E-02  0.3807E-01  0.6020E-02  0.2267E-01  0.1849E-01  0.1836E-01 -0.1655E-03  0.1129E-02
F  11 0.437568E+08  0.1007E+01 0.0000E+00 0.1000E+01   4.000   7.568  0.1831E-01  0.9994E+00  0.30017  0.3000E-11  0.6814E-03  0.5190E-03  0.1524E-01  0.4741E-03  0.1341E-01  0.1261E-04  0.4535E-02  0.3788E-01  0.6016E-02  0.2289E-01  0.1849E-01  0.1812E-01 -0.1680E-03  0.1112E-02
F  11 0.442565E+08  0.1007E+01 0.0000E+00 0.1000E+01   4.000   7.579  0.1795E-01  0.9994E+00  0.30017  0.3000E-11  0.6674E-03  0.5036E-03  0.1495E-01  0.4672E-03  0.1323E-01  0.1210E-04  0.4340E-02  0.3769E-01  0.6011E-02  0.2310E-01  0.1849E-01  0.1789E-01 -0.1705E-03  0.1096E-02
F  11 0.447561E+08  0.1007E+01 0.0000E+00 0.1000E+01   4.000   7.590  0.1760E-01  0.9994E+00  0.30017  0.3000E-11  0.6540E-03  0.4889E-03  0.1467E-01  0.4606E-03  0.1306E-01  0.1161E-04  0.4154E-02  0.3750E-01  0.6006E-02  0.2332E-01  0.1849E-01  0.1765E-01 -0.1730E-03  0.1081E-02
F  11 0.452558E+08  0.1007E+01 0.0000E+00 0.1000E+01   4.000   7.601  0.1726E-01  0.9995E+00  0.30018  0.3000E-11  0.6410E-03  0.4747E-03  0.1440E-01  0.4541E-03  0.1289E-01  0.1115E-04  0.3977E-02  0.3731E-01  0.6002E-02  0.2353E-01  0.1848E-01  0.1742E-01 -0.1754E-03  0.1067E-02
F  11 0.457555E+08  0.1007E+01 0.0000E+00 0.1000E+01   4.000   7.612  0.1693E-01  0.9995E+00  0.30018  0.3000E-11  0.6284E-03  0.4612E-03  0.1414E-01  0.4478E-03  0.1272E-01  0.1071E-04  0.3808E-02  0.3712E-01  0.5997E-02  0.2374E-01  0.1848E-01  0.1719E-01 -0.1778E-03  0.1053E-02
F  11 0.462552E+08  0.1007E+01 0.0000E+00 0.1000E+01   4.000   7.623  0.1662E-01  0.9995E+00  0.30018  0.3000E-11  0.6162E-03  0.4483E-03  0.1388E-01  0.4417E-03  0.1256E-01  0.1029E-04  0.3648E-02  0.3694E-01  0.5993E-02  0.2395E-01  0.1848E-01  0.1697E-01 -0.1803E-03  0.1040E-02
F  11 0.467548E+08  0.1007E+01 0.0000E+00 0.1000E+01   4.000   7.634  0.1631E-01  0.9995E+00  0.30018  0.3000E-11  0.6044E-03  0.4358E-03  0.1364E-01  0.4358E-03  0.1239E-01  0.9890E-05  0.3495E-02  0.3676E-01  0.5988E-02  0.2416E-01  0.1848E-01  0.1674E-01 -0.1827E-03  0.1027E-02
F  11 0.472545E+08  0.1007E+01 0.0000E+00 0.1000E+01   4.000   7.645  0.1601E-01  0.9995E+00  0.30019  0.3000E-11  0.5930E-03  0.4239E-03  0.1340E-01  0.4300E-03  0.1223E-01  0.9508E-05  0.3350E-02  0.3657E-01  0.5984E-02  0.2437E-01  0.1848E-01  0.1652E-01 -0.1850E-03  0.1015E-02
F  11 0.477542E+08  0.1007E+01 0.0000E+00 0.1000E+01   4.000   7.656  0.1572E-01  0.9995E+00  0.30019  0.3000E-11  0.5819E-03  0.4125E-03  0.1316E-01  0.4243E-03  0.1207E-01  0.9145E-05  0.3211E-02  0.3639E-01  0.5980E-02  0.2457E-01  0.1847E-01  0.1630E-01 -0.1874E-03  0.1004E-02
F  11 0.482538E+08  0.1007E+01 0.0000E+00 0.1000E+01   4.000   7.667  0.1544E-01  0.9995E+00  0.30019  0.3000E-11  0.5711E-03  0.4015E-03  0.1294E-01  0.4189E-03  0.1191E-01  0.8799E-05  0.3079E-02  0.3621E-01  0.5975E-02  0.2478E-01  0.1847E-01  0.1608E-01 -0.1897E-03  0.9927E-03
F  11 0.487535E+08  0.1007E+01 0.0000E+00 0.1000E+01   4.000   7.678  0.1516E-01  0.9995E+00  0.30019  0.3000E-11  0.5607E-03  0.3909E-03  0.1272E-01  0.4135E-03  0.1176E-01  0.8469E-05  0.2952E-02  0.3604E-01  0.5971E-02  0.2498E-01  0.1847E-01  0.1586E-01 -0.1921E-03  0.9822E-03
F  11 0.492532E+08  0.1007E+01 0.0000E+00 0.1000E+01   4.000   7.688  0.1489E-01  0.9995E+00  0.30019  0.3000E-11  0.5506E-03  0.3808E-03  0.1250E-01  0.4083E-03  0.1160E-01  0.8154E-05  0.2832E-02  0.3586E-01  0.5966E-02  0.2518E-01  0.1847E-01  0.1565E-01 -0.1944E-03  0.9722E-03
F  11 0.497529E+08  0.1007E+01 0.0000E+00 0.1000E+01   4.000   7.699  0.1464E-01  0.9995E+00  0.30020  0.3000E-11  0.5407E-03  0.3710E-03  0.1229E-01  0.4032E-03  0.1145E-01  0.7853E-05  0.2717E-02  0.3569E-01  0.5962E-02  0.2538E-01  0.1846E-01  0.1543E-01 -0.1966E-03  0.9626E-03
F  11 0.502525E+08  0.1007E+01 0.0000E+00 0.1000E+01   4.000   7.710  0.1438E-01  0.9995E+00  0.30020  0.3000E-11  0.5312E-03  0.3616E-03  0.1209E-01  0.3982E-03  0.1130E-01  0.7567E-05  0.2608E-02  0.3551E-01  0.5958E-02  0.2557E-01  0.1846E-01  0.1522E-01 -0.1989E-03  0.9534E-03
F  11 0.507522E+08  0.1007E+01 0.0000E+00 0.1000E+01   4.000   7.720  0.1414E-01  0.9996E+00  0.30020  0.3000E-11  0.5219E-03  0.3525E-03  0.1189E-01  0.3934E-03  0.1115E-01  0.7293E-05  0.2503E-02  0.3534E-01  0.5954E-02  0.2577E-01  0.1846E-01  0.1502E-01 -0.2012E-03  0.9447E-03
F  11 0.512519E+08  0.1007E+01 0.0000E+00 0.1000E+01   4.000   7.731  0.1390E-01  0.9996E+00  0.30020  0.3000E-11  0.5128E-03  0.3438E-03  0.1170E-01  0.3887E-03  0.1101E-01  0.7032E-05  0.2404E-02  0.3517E-01  0.5949E-02  0.2596E-01  0.1846E-01  0.1481E-01 -0.2034E-03  0.9363E-03
F  11 0.517515E+08  0.1007E+01 0.0000E+00 0.1000E+01   4.000   7.741  0.1367E-01  0.9996E+00  0.30021  0.3000E-11  0.5040E-03  0.3354E-03  0.1151E-01  0.3841E-03  0.1086E-01  0.6782E-05  0.2308E-02  0.3500E-01  0.5945E-02  0.2615E-01  0.1845E-01  0.1461E-01 -0.2056E-03  0.9282E-03
F  11 0.522512E+08  0.1007E+01 0.0000E+00 0.1000E+01   4.000   7.752  0.1344E-01  0.9996E+00  0.30021  0.3000E-11  0.4955E-03  0.3273E-03  0.1133E-01  0.3796E-03  0.1072E-01  0.6544E-05  0.2217E-02  0.3484E-01  0.5941E-02  0.2634E-01  0.1845E-01  0.1440E-01 -0.2078E-03  0.9205E-03
F  11 0.527509E+08  0.1007E+01 0.0000E+00 0.1000E+01   4.000   7.762  0.1322E-01  0.9996E+00  0.30021  0.3000E-11  0.4871E-03  0.3194E-03  0.1115E-01  0.3751E-03  0.1058E-01  0.6316E-05  0.2130E-02  0.3467E-01  0.5937E-02  0.2653E-01  0.1845E-01  0.1420E-01 -0.2099E-03  0.9131E-03
F  11 0.532506E+08  0.1007E+01 0.0000E+00 0.1000E+01   4.000   7.773  0.1301E-01  0.9996E+00  0.30021  0.3000E-11  0.4790E-03  0.3119E-03  0.1097E-01  0.3708E-03  0.1045E-01  0.6099E-05  0.2047E-02  0.3451E-01  0.5933E-02  0.2671E-01  0.1845E-01  0.1401E-01 -0.2120E-03  0.9060E-03
F  11 0.537502E+08  0.1007E+01 0.0000E+00 0.1000E+01   4.000   7.783  0.1280E-01  0.9996E+00  0.30021  0.3000E-11  0.4711E-03  0.3046E-03  0.1080E-01  0.3666E-03  0.1031E-01  0.5891E-05  0.1968E-02  0.3435E-01  0.5929E-02  0.2690E-01  0.1844E-01  0.1381E-01 -0.2142E-03  0.8992E-03
F  11 0.542499E+08  0.1007E+01 0.0000E+00 0.1000E+01   4.000   7.793  0.1260E-01  0.9996E+00  0.30022  0.3000E-11  0.4634E-03  0.2976E-03  0.1064E-01  0.3625E-03  0.1018E-01  0.5692E-05  0.1892E-02  0.3419E-01  0.5925E-02  0.2708E-01  0.1844E-01  0.1362E-01 -0.2163E-03  0.8927E-03
F  11 0.547496E+08  0.1007E+01 0.0000E+00 0.1000E+01   4.000   7.804  0.1240E-01  0.9996E+00  0.30022  0.3000E-11  0.4558E-03  0.2907E-03  0.1048E-01  0.3585E-03  0.1005E-01  0.5502E-05  0.1819E-02  0.3403E-01  0.5921E-02  0.2726E-01  0.1844E-01  0.1343E-01 -0.2183E-03  0.8865E-03
F  11 0.552492E+08  0.1007E+01 0.0000E+00 0.1000E+01   4.000   7.814  0.1220E-01  0.9996E+00  0.30022  0.3000E-11  0.4485E-03  0.2842E-03  0.1032E-01  0.3546E-03  0.9916E-02  0.5320E-05  0.1750E-02  0.3387E-01  0.5917E-02  0.2743E-01  0.1843E-01  0.1324E-01 -0.2204E-03  0.8805E-03
F  11 0.557489E+08  0.1007E+01 0.0000E+00 0.1000E+01   4.000   7.824  0.1201E-01  0.9996E+00  0.30022  0.3000E-11  0.4413E-03  0.2778E-03  0.1016E-01  0.3507E-03  0.9789E-02  0.5146E-05  0.1684E-02  0.3372E-01  0.5913E-02  0.2761E-01  0.1843E-01  0.1306E-01 -0.2224E-03  0.8747E-03
F  11 0.562486E+08  0.1007E+01 0.0000E+00 0.1000E+01   4.000   7.835  0.1183E-01  0.9996E+00  0.30022  0.3000E-11  0.4343E-03  0.2716E-03  0.1001E-01  0.3469E-03  0.9663E-02  0.4980E-05  0.1620E-02  0.3357E-01  0.5909E-02  0.2778E-01  0.1843E-01  0.1287E-01 -0.2244E-03  0.8692E-03
F  11 0.567483E+08  0.1007E+01 0.0000E+00 0.1000E+01   4.000   7.845  0.1165E-01  0.9996E+00  0.30023  0.3000E-11  0.4274E-03  0.2657E-03  0.9868E-02  0.3433E-03  0.9540E-02  0.4821E-05  0.1559E-02  0.3341E-01  0.5905E-02  0.2795E-01  0.1842E-01  0.1269E-01 -0.2264E-03  0.8639E-03
F  11 0.572479E+08  0.1007E+01 0.0000E+00 0.1000E+01   4.000   7.855  0.1148E-01  0.9996E+00  0.30023  0.3000E-11  0.4207E-03  0.2599E-03  0.9725E-02  0.3396E-03  0.9418E-02  0.4668E-05  0.1501E-02  0.3326E-01  0.5902E-02  0.2812E-01  0.1842E-01  0.1251E-01 -0.2283E-03  0.8588E-03
F  11 0.577476E+08  0.1007E+01 0.0000E+00 0.1000E+01   4.000   7.865  0.1130E-01  0.9996E+00  0.30023  0.3000E-11  0.4142E-03  0.2543E-03  0.9586E-02  0.3361E-03  0.9299E-02  0.4522E-05  0.1445E-02  0.3312E-01  0.5898E-02  0.2829E-01  0.1842E-01  0.1234E-01 -0.2303E-03  0.8539E-03
F  11 0.582473E+08  0.1007E+01 0.0000E+00 0.1000E+01   4.000   7.875  0.1114E-01  0.9996E+00  0.30023  0.3000E-11  0.4078E-03  0.2489E-03  0.9449E-02  0.3326E-03  0.9181E-02  0.4382E-05  0.1392E-02  0.3297E-01  0.5894E-02  0.2845E-01  0.1842E-01  0.1216E-01 -0.2322E-03  0.8492E-03
F  11 0.587469E+08  0.1007E+01 0.0000E+00 0.1000E+01   4.000   7.885  0.1097E-01  0.9997E+00  0.30023  0.3000E-11  0.4016E-03  0.2437E-03  0.9316E-02  0.3292E-03  0.9065E-02  0.4248E-05  0.1341E-02  0.3283E-01  0.5891E-02  0.2862E-01  0.1841E-01  0.1199E-01 -0.2340E-03  0.8447E-03
F  11 0.592466E+08  0.1007E+01 0.0000E+00 0.1000E+01   4.000   7.895  0.1081E-01  0.9997E+00  0.30024  0.3000E-11  0.3955E-03  0.2386E-03  0.9186E-02  0.3259E-03  0.8951E-02  0.4120E-05  0.1292E-02  0.3268E-01  0.5887E-02  0.2878E-01  0.1841E-01  0.1182E-01 -0.2359E-03  0.8403E-03
F  11 0.597463E+08  0.1007E+01 0.0000E+00 0.1000E+01   4.000   7.905  0.1066E-01  0.9997E+00  0.30024  0.3000E-11  0.3895E-03  0.2337E-03  0.9059E-02  0.3226E-03  0.8839E-02  0.3997E-05  0.1245E-02  0.3254E-01  0.5884E-02  0.2894E-01  0.1841E-01  0.1165E-01 -0.2377E-03  0.8362E-03
F  11 0.602460E+08  0.1007E+01 0.0000E+00 0.1000E+01   4.000   7.915  0.1051E-01  0.9997E+00  0.30024  0.3000E-11  0.3836E-03  0.2289E-03  0.8935E-02  0.3194E-03  0.8728E-02  0.3879E-05  0.1200E-02  0.3240E-01  0.5880E-02  0.2909E-01  0.1840E-01  0.1149E-01 -0.2396E-03  0.8321E-03
F  11 0.607456E+08  0.1007E+01 0.0000E+00 0.1000E+01   4.000   7.925  0.1036E-01  0.9997E+00  0.30024  0.3000E-11  0.3779E-03  0.2242E-03  0.8813E-02  0.3163E-03  0.8619E-02  0.3767E-05  0.1157E-02  0.3227E-01  0.5877E-02  0.2925E-01  0.1840E-01  0.1132E-01 -0.2413E-03  0.8283E-03
F  11 0.612453E+08  0.1007E+01 0.0000E+00 0.1000E+01   4.000   7.935  0.1021E-01  0.9997E+00  0.30024  0.3000E-11  0.3723E-03  0.2198E-03  0.8695E-02  0.3132E-03  0.8512E-02  0.3658E-05  0.1115E-02  0.3213E-01  0.5873E-02  0.2940E-01  0.1840E-01  0.1116E-01 -0.2431E-03  0.8246E-03
F  11 0.617450E+08  0.1007E+01 0.0000E+00 0.1000E+01   4.000   7.945  0.1007E-01  0.9997E+00  0.30024  0.3000E-11  0.3668E-03  0.2154E-03  0.8579E-02  0.3102E-03  0.8407E-02  0.3555E-05  0.1076E-02  0.3200E-01  0.5870E-02  0.2955E-01  0.1840E-01  0.1101E-01 -0.2449E-03  0.8210E-03
F  11 0.622446E+08  0.1007E+01 0.0000E+00 0.1000E+01   4.000   7.955  0.9931E-02  0.9997E+00  0.30025  0.3000E-11  0.3615E-03  0.2111E-03  0.8465E-02  0.3073E-03  0.8304E-02  0.3455E-05  0.1038E-02  0.3186E-01  0.5867E-02  0.2970E-01  0.1839E-01  0.1085E-01 -0.2466E-03  0.8175E-03
F  11 0.627443E+08  0.1007E+01 0.0000E+00 0.1000E+01   4.000   7.965  0.9795E-02  0.9997E+00  0.30025  0.3000E-11  0.3562E-03  0.2070E-03  0.8354E-02  0.3044E-03  0.8202E-02  0.3360E-05  0.1001E-02  0.3173E-01  0.5864E-02  0.2985E-01  0.1839E-01  0.1070E-01 -0.2483E-03  0.8142E-03
F  11 0.632440E+08  0.1007E+01 0.0000E+00 0.1000E+01   4.000   7.975  0.9662E-02  0.9997E+00  0.30025  0.3000E-11  0.3511E-03  0.2030E-03  0.8246E-02  0.3015E-03  0.8102E-02  0.3268E-05  0.9662E-03  0.3161E-01  0.5860E-02  0.2999E-01  0.1839E-01  0.1054E-01 -0.2499E-03  0.8110E-03
F  11 0.637437E+08  0.1007E+01 0.0000E+00 0.1000E+01   4.000   7.984  0.9532E-02  0.9997E+00  0.30025  0.3000E-11  0.3461E-03  0.1992E-03  0.8140E-02  0.2987E-03  0.8003E-02  0.3180E-05  0.9327E-03  0.3148E-01  0.5857E-02  0.3013E-01  0.1839E-01  0.1039E-01 -0.2516E-03  0.8079E-03
F  11 0.642433E+08  0.1007E+01 0.0000E+00 0.1000E+01   4.000   7.994  0.9405E-02  0.9997E+00  0.30025  0.3000E-11  0.3411E-03  0.1954E-03  0.8036E-02  0.2960E-03  0.7906E-02  0.3096E-05  0.9005E-03  0.3135E-01  0.5854E-02  0.3027E-01  0.1838E-01  0.1025E-01 -0.2532E-03  0.8050E-03
F  11 0.647430E+08  0.1007E+01 0.0000E+00 0.1000E+01   4.000   8.004  0.9281E-02  0.9997E+00  0.30025  0.3000E-11  0.3363E-03  0.1917E-03  0.7935E-02  0.2933E-03  0.7811E-02  0.3015E-05  0.8696E-03  0.3123E-01  0.5851E-02  0.3041E-01  0.1838E-01  0.1010E-01 -0.2548E-03  0.8021E-03
F  11 0.652427E+08  0.1007E+01 0.0000E+00 0.1000E+01   4.000   8.013  0.9159E-02  0.9997E+00  0.30026  0.3000E-11  0.3316E-03  0.1881E-03  0.7836E-02  0.2907E-03  0.7717E-02  0.2937E-05  0.8399E-03  0.3111E-01  0.5848E-02  0.3055E-01  0.1838E-01  0.9959E-02 -0.2564E-03  0.7994E-03
F  11 0.657423E+08  0.1007E+01 0.0000E+00 0.1000E+01   4.000   8.023  0.9041E-02  0.9997E+00  0.30026  0.3000E-11  0.3269E-03  0.1847E-03  0.7739E-02  0.2881E-03  0.7625E-02  0.2863E-05  0.8115E-03  0.3099E-01  0.5846E-02  0.3068E-01  0.1838E-01  0.9818E-02 -0.2579E-03  0.7967E-03
F  11 0.662420E+08  0.1007E+01 0.0000E+00 0.1000E+01   4.000   8.033  0.8924E-02  0.9997E+00  0.30026  0.3000E-11  0.3224E-03  0.1813E-03  0.7644E-02  0.2855E-03  0.7535E-02  0.2791E-05  0.7841E-03  0.3087E-01  0.5843E-02  0.3081E-01  0.1837E-01  0.9679E-02 -0.2595E-03  0.7941E-03
F  11 0.667417E+08  0.1007E+01 0.0000E+00 0.1000E+01   4.000   8.042  0.8811E-02  0.9997E+00  0.30026  0.3000E-11  0.3180E-03  0.1780E-03  0.7551E-02  0.2831E-03  0.7446E-02  0.2723E-05  0.7579E-03  0.3075E-01  0.5840E-02  0.3094E-01  0.1837E-01  0.9543E-02 -0.2610E-03  0.7916E-03
F  11 0.672414E+08  0.1007E+01 0.0000E+00 0.1000E+01   4.000   8.052  0.8699E-02  0.9997E+00  0.30026  0.3000E-11  0.3136E-03  0.1748E-03  0.7460E-02  0.2806E-03  0.7358E-02  0.2657E-05  0.7327E-03  0.3064E-01  0.5837E-02  0.3107E-01  0.1837E-01  0.9409E-02 -0.2625E-03  0.7892E-03
F  11 0.677410E+08  0.1007E+01 0.0000E+00 0.1000E+01   4.000   8.061  0.8590E-02  0.9997E+00  0.30026  0.3000E-11  0.3093E-03  0.1717E-03  0.7372E-02  0.2782E-03  0.7272E-02  0.2593E-05  0.7085E-03  0.3052E-01  0.5835E-02  0.3120E-01  0.1837E-01  0.9277E-02 -0.2639E-03  0.7869E-03
F  11 0.682407E+08  0.1007E+01 0.0000E+00 0.1000E+01   4.000   8.070  0.8484E-02  0.9997E+00  0.30027  0.3000E-11  0.3051E-03  0.1687E-03  0.7285E-02  0.2759E-03  0.7188E-02  0.2532E-05  0.6853E-03  0.3041E-01  0.5832E-02  0.3132E-01  0.1836E-01  0.9147E-02 -0.2654E-03  0.7847E-03
F  11 0.687404E+08  0.1007E+01 0.0000E+00 0.1000E+01   4.000   8.080  0.8379E-02  0.9997E+00  0.30027  0.3000E-11  0.3010E-03  0.1658E-03  0.7200E-02  0.2735E-03  0.7105E-02  0.2474E-05  0.6630E-03  0.3030E-01  0.5830E-02  0.3145E-01  0.1836E-01  0.9019E-02 -0.2668E-03  0.7825E-03
F  11 0.692400E+08  0.1007E+01 0.0000E+00 0.1000E+01   4.000   8.089  0.8277E-02  0.9997E+00  0.30027  0.3000E-11  0.2970E-03  0.1629E-03  0.7116E-02  0.2713E-03  0.7023E-02  0.2418E-05  0.6415E-03  0.3019E-01  0.5827E-02  0.3157E-01  0.1836E-01  0.8893E-02 -0.2682E-03  0.7804E-03
F  11 0.697397E+08  0.1007E+01 0.0000E+00 0.1000E+01   4.000   8.098  0.8178E-02  0.9997E+00  0.30027  0.3000E-11  0.2931E-03  0.1602E-03  0.7035E-02  0.2690E-03  0.6943E-02  0.2364E-05  0.6209E-03  0.3009E-01  0.5825E-02  0.3169E-01  0.1836E-01  0.8769E-02 -0.2695E-03  0.7784E-03
F  11 0.702394E+08  0.1007E+01 0.0000E+00 0.1000E+01   4.000   8.108  0.8080E-02  0.9997E+00  0.30027  0.3000E-11  0.2892E-03  0.1575E-03  0.6955E-02  0.2669E-03  0.6864E-02  0.2312E-05  0.6012E-03  0.2998E-01  0.5823E-02  0.3180E-01  0.1836E-01  0.8648E-02 -0.2709E-03  0.7764E-03
F  11 0.707391E+08  0.1007E+01 0.0000E+00 0.1000E+01   4.000   8.117  0.7984E-02  0.9997E+00  0.30027  0.3000E-11  0.2854E-03  0.1548E-03  0.6877E-02  0.2647E-03  0.6787E-02  0.2262E-05  0.5821E-03  0.2988E-01  0.5821E-02  0.3192E-01  0.1835E-01  0.8528E-02 -0.2722E-03  0.7745E-03
F  11 0.712387E+08  0.1007E+01 0.0000E+00 0.1000E+01   4.000   8.126  0.7890E-02  0.9997E+00  0.30027  0.3000E-11  0.2817E-03  0.1522E-03  0.6801E-02  0.2626E-03  0.6711E-02  0.2214E-05  0.5639E-03  0.2978E-01  0.5819E-02  0.3203E-01  0.1835E-01  0.8410E-02 -0.2735E-03  0.7727E-03
F  11 0.717384E+08  0.1007E+01 0.0000E+00 0.1000E+01   4.000   8.135  0.7799E-02  0.9998E+00  0.30027  0.3000E-11  0.2781E-03  0.1498E-03  0.6726E-02  0.2605E-03  0.6636E-02  0.2168E-05  0.5463E-03  0.2967E-01  0.5817E-02  0.3214E-01  0.1835E-01  0.8295E-02 -0.2748E-03  0.7710E-03
F  11 0.722381E+08  0.1007E+01 0.0000E+00 0.1000E+01   4.000   8.144  0.7709E-02  0.9998E+00  0.30028  0.3000E-11  0.2745E-03  0.1473E-03  0.6653E-02  0.2585E-03  0.6563E-02  0.2124E-05  0.5294E-03  0.2958E-01  0.5815E-02  0.3225E-01  0.1835E-01  0.8181E-02 -0.2761E-03  0.7693E-03
F  11 0.727377E+08  0.1007E+01 0.0000E+00 0.1000E+01   4.000   8.153  0.7621E-02  0.9998E+00  0.30028  0.3000E-11  0.2710E-03  0.1449E-03  0.6581E-02  0.2565E-03  0.6490E-02  0.2082E-05  0.5132E-03  0.2948E-01  0.5813E-02  0.3236E-01  0.1835E-01  0.8069E-02 -0.2773E-03  0.7676E-03
F  11 0.732374E+08  0.1007E+01 0.0000E+00 0.1000E+01   4.000   8.162  0.7535E-02  0.9998E+00  0.30028  0.3000E-11  0.2676E-03  0.1426E-03  0.6511E-02  0.2546E-03  0.6420E-02  0.2041E-05  0.4976E-03  0.2938E-01  0.5811E-02  0.3246E-01  0.1834E-01  0.7960E-02 -0.2785E-03  0.7660E-03
F  11 0.737371E+08  0.1007E+01 0.0000E+00 0.1000E+01   4.000   8.171  0.7451E-02  0.9998E+00  0.30028  0.3000E-11  0.2642E-03  0.1404E-03  0.6442E-02  0.2526E-03  0.6350E-02  0.2002E-05  0.4826E-03  0.2929E-01  0.5809E-02  0.3257E-01  0.1834E-01  0.7852E-02 -0.2797E-03  0.7645E-03
F  11 0.742368E+08  0.1007E+01 0.0000E+00 0.1000E+01   4.000   8.180  0.7369E-02  0.9998E+00  0.30028  0.3000E-11  0.2610E-03  0.1382E-03  0.6375E-02  0.2508E-03  0.6282E-02  0.1964E-05  0.4682E-03  0.2919E-01  0.5808E-02  0.3267E-01  0.1834E-01  0.7746E-02 -0.2809E-03  0.7630E-03
F  11 0.747364E+08  0.1007E+01 0.0000E+00 0.1000E+01   4.000   8.189  0.7288E-02  0.9998E+00  0.30028  0.3000E-11  0.2577E-03  0.1361E-03  0.6309E-02  0.2489E-03  0.6214E-02  0.1928E-05  0.4543E-03  0.2910E-01  0.5806E-02  0.3277E-01  0.1834E-01  0.7642E-02 -0.2821E-03  0.7616E-03
F  11 0.752361E+08  0.1007E+01 0.0000E+00 0.1000E+01   4.000   8.197  0.7209E-02  0.9998E+00  0.30028  0.3000E-11  0.2546E-03  0.1340E-03  0.6245E-02  0.2471E-03  0.6148E-02  0.1893E-05  0.4410E-03  0.2901E-01  0.5805E-02  0.3287E-01  0.1834E-01  0.7540E-02 -0.2832E-03  0.7602E-03
F  11 0.757358E+08  0.1007E+01 0.0000E+00 0.1000E+01   4.000   8.206  0.7132E-02  0.9998E+00  0.30028  0.3000E-11  0.2515E-03  0.1320E-03  0.6181E-02  0.2453E-03  0.6084E-02  0.1859E-05  0.4282E-03  0.2892E-01  0.5803E-02  0.3296E-01  0.1834E-01  0.7440E-02 -0.2843E-03  0.7589E-03
F  11 0.762354E+08  0.1007E+01 0.0000E+00 0.1000E+01   4.000   8.214  0.7056E-02  0.9998E+00  0.30029  0.3000E-11  0.2485E-03  0.1300E-03  0.6120E-02  0.2436E-03  0.6020E-02  0.1827E-05  0.4158E-03  0.2883E-01  0.5802E-02  0.3306E-01  0.1833E-01  0.7341E-02 -0.2854E-03  0.7576E-03
F  11 0.767351E+08  0.1007E+01 0.0000E+00 0.1000E+01   4.000   8.223  0.6982E-02  0.9998E+00  0.30029  0.3000E-11  0.2455E-03  0.1281E-03  0.6059E-02  0.2419E-03  0.5958E-02  0.1796E-05  0.4040E-03  0.2875E-01  0.5801E-02  0.3315E-01  0.1833E-01  0.7245E-02 -0.2865E-03  0.7563E-03
F  11 0.772348E+08  0.1007E+01 0.0000E+00 0.1000E+01   4.000   8.232  0.6909E-02  0.9998E+00  0.30029  0.3000E-11  0.2426E-03  0.1262E-03  0.6000E-02  0.2402E-03  0.5896E-02  0.1766E-05  0.3926E-03  0.2866E-01  0.5800E-02  0.3325E-01  0.1833E-01  0.7150E-02 -0.2875E-03  0.7551E-03
F  11 0.777345E+08  0.1007E+01 0.0000E+00 0.1000E+01   4.000   8.240  0.6838E-02  0.9998E+00  0.30029  0.3000E-11  0.2397E-03  0.1244E-03  0.5942E-02  0.2386E-03  0.5836E-02  0.1737E-05  0.3816E-03  0.2858E-01  0.5799E-02  0.3334E-01  0.1833E-01  0.7057E-02 -0.2886E-03  0.7539E-03
F  11 0.782341E+08  0.1007E+01 0.0000E+00 0.1000E+01   4.000   8.248  0.6768E-02  0.9998E+00  0.30029  0.3000E-11  0.2370E-03  0.1226E-03  0.5885E-02  0.2370E-03  0.5777E-02  0.1710E-05  0.3710E-03  0.2850E-01  0.5798E-02  0.3342E-01  0.1833E-01  0.6965E-02 -0.2896E-03  0.7528E-03
F  11 0.787338E+08  0.1007E+01 0.0000E+00 0.1000E+01   4.000   8.257  0.6700E-02  0.9998E+00  0.30029  0.3000E-11  0.2342E-03  0.1208E-03  0.5830E-02  0.2354E-03  0.5719E-02  0.1683E-05  0.3609E-03  0.2842E-01  0.5797E-02  0.3351E-01  0.1833E-01  0.6876E-02 -0.2906E-03  0.7517E-03
F  11 0.792335E+08  0.1007E+01 0.0000E+00 0.1000E+01   4.000   8.265  0.6634E-02  0.9998E+00  0.30029  0.3000E-11  0.2316E-03  0.1192E-03  0.5775E-02  0.2338E-03  0.5662E-02  0.1657E-05  0.3511E-03  0.2834E-01  0.5796E-02  0.3360E-01  0.1833E-01  0.6788E-02 -0.2916E-03  0.7506E-03
F  11 0.797331E+08  0.1007E+01 0.0000E+00 0.1000E+01   4.000   8.273  0.6568E-02  0.9998E+00  0.30029  0.3000E-11  0.2289E-03  0.1175E-03  0.5722E-02  0.2323E-03  0.5606E-02  0.1633E-05  0.3417E-03  0.2826E-01  0.5796E-02  0.3368E-01  0.1833E-01  0.6701E-02 -0.2925E-03  0.7496E-03
F  11 0.802328E+08  0.1007E+01 0.0000E+00 0.1000E+01   4.000   8.281  0.6504E-02  0.9998E+00  0.30029  0.3000E-11  0.2264E-03  0.1159E-03  0.5670E-02  0.2308E-03  0.5551E-02  0.1609E-05  0.3327E-03  0.2818E-01  0.5795E-02  0.3376E-01  0.1832E-01  0.6617E-02 -0.2935E-03  0.7486E-03
F  11 0.807325E+08  0.1007E+01 0.0000E+00 0.1000E+01   4.000   8.289  0.6442E-02  0.9998E+00  0.30029  0.3000E-11  0.2239E-03  0.1143E-03  0.5619E-02  0.2294E-03  0.5498E-02  0.1586E-05  0.3240E-03  0.2810E-01  0.5795E-02  0.3384E-01  0.1832E-01  0.6534E-02 -0.2944E-03  0.7477E-03
F  11 0.812322E+08  0.1007E+01 0.0000E+00 0.1000E+01   4.000   8.297  0.6381E-02  0.9998E+00  0.30030  0.3000E-11  0.2214E-03  0.1128E-03  0.5569E-02  0.2279E-03  0.5445E-02  0.1564E-05  0.3156E-03  0.2803E-01  0.5795E-02  0.3392E-01  0.1832E-01  0.6453E-02 -0.2953E-03  0.7467E-03
F  11 0.817318E+08  0.1007E+01 0.0000E+00 0.1000E+01   4.000   8.305  0.6321E-02  0.9998E+00  0.30030  0.3000E-11  0.2190E-03  0.1113E-03  0.5519E-02  0.2265E-03  0.5393E-02  0.1543E-05  0.3076E-03  0.2795E-01  0.5794E-02  0.3400E-01  0.1832E-01  0.6373E-02 -0.2962E-03  0.7458E-03
F  11 0.822315E+08  0.1007E+01 0.0000E+00 0.1000E+01   4.000   8.313  0.6262E-02  0.9998E+00  0.30030  0.3000E-11  0.2166E-03  0.1099E-03  0.5471E-02  0.2252E-03  0.5342E-02  0.1523E-05  0.2998E-03  0.2788E-01  0.5794E-02  0.3408E-01  0.1832E-01  0.6295E-02 -0.2970E-03  0.7449E-03
F  11 0.827312E+08  0.1007E+01 0.0000E+00 0.1000E+01   4.000   8.321  0.6204E-02  0.9998E+00  0.30030  0.3000E-11  0.2143E-03  0.1085E-03  0.5424E-02  0.2238E-03  0.5292E-02  0.1504E-05  0.2924E-03  0.2781E-01  0.5794E-02  0.3415E-01  0.1832E-01  0.6218E-02 -0.2979E-03  0.7441E-03
F  11 0.832308E+08  0.1007E+01 0.0000E+00 0.1000E+01   4.000   8.328  0.6148E-02  0.9998E+00  0.30030  0.3000E-11  0.2121E-03  0.1071E-03  0.5378E-02  0.2225E-03  0.5243E-02  0.1485E-05  0.2852E-03  0.2774E-01  0.5794E-02  0.3423E-01  0.1832E-01  0.6143E-02 -0.2987E-03  0.7433E-03
F  11 0.837305E+08  0.1007E+01 0.0000E+00 0.1000E+01   4.000   8.336  0.6093E-02  0.9998E+00  0.30030  0.3000E-11  0.2099E-03  0.1057E-03  0.5333E-02  0.2212E-03  0.5195E-02  0.1467E-05  0.2783E-03  0.2767E-01  0.5795E-02  0.3430E-01  0.1832E-01  0.6069E-02 -0.2996E-03  0.7425E-03
F  11 0.842302E+08  0.1007E+01 0.0000E+00 0.1000E+01   4.000   8.343  0.6039E-02  0.9998E+00  0.30030  0.3000E-11  0.2077E-03  0.1044E-03  0.5289E-02  0.2200E-03  0.5148E-02  0.1449E-05  0.2717E-03  0.2760E-01  0.5795E-02  0.3437E-01  0.1832E-01  0.5997E-02 -0.3004E-03  0.7417E-03
F  11 0.847299E+08  0.1007E+01 0.0000E+00 0.1000E+01   4.000   8.351  0.5986E-02  0.9998E+00  0.30030  0.3000E-11  0.2056E-03  0.1032E-03  0.5246E-02  0.2188E-03  0.5101E-02  0.1433E-05  0.2653E-03  0.2753E-01  0.5795E-02  0.3444E-01  0.1832E-01  0.5927E-02 -0.3012E-03  0.7410E-03
F  11 0.852295E+08  0.1007E+01 0.0000E+00 0.1000E+01   4.000   8.358  0.5934E-02  0.9998E+00  0.30030  0.3000E-11  0.2035E-03  0.1019E-03  0.5203E-02  0.2176E-03  0.5056E-02  0.1417E-05  0.2591E-03  0.2746E-01  0.5796E-02  0.3451E-01  0.1832E-01  0.5857E-02 -0.3019E-03  0.7403E-03
F  11 0.857292E+08  0.1007E+01 0.0000E+00 0.1000E+01   4.000   8.366  0.5884E-02  0.9998E+00  0.30030  0.3000E-11  0.2015E-03  0.1007E-03  0.5162E-02  0.2164E-03  0.5011E-02  0.1401E-05  0.2532E-03  0.2740E-01  0.5797E-02  0.3457E-01  0.1832E-01  0.5790E-02 -0.3027E-03  0.7396E-03
F  11 0.862289E+08  0.1007E+01 0.0000E+00 0.1000E+01   4.000   8.373  0.5834E-02  0.9998E+00  0.30030  0.3000E-11  0.1995E-03  0.9952E-04  0.5121E-02  0.2152E-03  0.4967E-02  0.1386E-05  0.2475E-03  0.2733E-01  0.5797E-02  0.3464E-01  0.1832E-01  0.5723E-02 -0.3034E-03  0.7389E-03
F  11 0.867285E+08  0.1007E+01 0.0000E+00 0.1000E+01   4.000   8.380  0.5785E-02  0.9998E+00  0.30030  0.3000E-11  0.1976E-03  0.9837E-04  0.5081E-02  0.2141E-03  0.4925E-02  0.1372E-05  0.2420E-03  0.2727E-01  0.5798E-02  0.3471E-01  0.1832E-01  0.5658E-02 -0.3042E-03  0.7382E-03
F  11 0.872282E+08  0.1007E+01 0.0000E+00 0.1000E+01   4.000   8.387  0.5738E-02  0.9998E+00  0.30030  0.3000E-11  0.1957E-03  0.9725E-04  0.5042E-02  0.2130E-03  0.4882E-02  0.1358E-05  0.2367E-03  0.2720E-01  0.5799E-02  0.3477E-01  0.1832E-01  0.5595E-02 -0.3049E-03  0.7376E-03
F  11 0.877279E+08  0.1007E+01 0.0000E+00 0.1000E+01   4.000   8.394  0.5691E-02  0.9998E+00  0.30031  0.3000E-11  0.1938E-03  0.9616E-04  0.5004E-02  0.2120E-03  0.4841E-02  0.1345E-05  0.2317E-03  0.2714E-01  0.5801E-02  0.3483E-01  0.1832E-01  0.5532E-02 -0.3056E-03  0.7370E-03
F  11 0.882276E+08  0.1007E+01 0.0000E+00 0.1000E+01   4.000   8.401  0.5646E-02  0.9998E+00  0.30031  0.3000E-11  0.1920E-03  0.9509E-04  0.4967E-02  0.2109E-03  0.4801E-02  0.1332E-05  0.2268E-03  0.2708E-01  0.5802E-02  0.3489E-01  0.1832E-01  0.5471E-02 -0.3062E-03  0.7364E-03
F  11 0.887272E+08  0.1007E+01 0.0000E+00 0.1000E+01   4.000   8.408  0.5601E-02  0.9998E+00  0.30031  0.3000E-11  0.1903E-03  0.9406E-04  0.4930E-02  0.2099E-03  0.4761E-02  0.1320E-05  0.2221E-03  0.2702E-01  0.5803E-02  0.3495E-01  0.1832E-01  0.5412E-02 -0.3069E-03  0.7358E-03
F  11 0.892269E+08  0.1007E+01 0.0000E+00 0.1000E+01   4.000   8.415  0.5557E-02  0.9998E+00  0.30031  0.3000E-11  0.1885E-03  0.9305E-04  0.4894E-02  0.2089E-03  0.4722E-02  0.1308E-05  0.2175E-03  0.2696E-01  0.5805E-02  0.3501E-01  0.1831E-01  0.5353E-02 -0.3076E-03  0.7352E-03
F  11 0.897266E+08  0.1007E+01 0.0000E+00 0.1000E+01   4.000   8.421  0.5515E-02  0.9998E+00  0.30031  0.3000E-11  0.1868E-03  0.9206E-04  0.4859E-02  0.2080E-03  0.4684E-02  0.1296E-05  0.2132E-03  0.2690E-01  0.5807E-02  0.3507E-01  0.1831E-01  0.5296E-02 -0.3082E-03  0.7347E-03
F  11 0.902262E+08  0.1007E+01 0.0000E+00 0.1000E+01   4.000   8.428  0.5473E-02  0.9998E+00  0.30031  0.3000E-11  0.1852E-03  0.9111E-04  0.4824E-02  0.2070E-03  0.4646E-02  0.1285E-05  0.2090E-03  0.2684E-01  0.5809E-02  0.3513E-01  0.1832E-01  0.5240E-02 -0.3088E-03  0.7342E-03
F  11 0.907259E+08  0.1007E+01 0.0000E+00 0.1000E+01   4.000   8.435  0.5432E-02  0.9998E+00  0.30031  0.3000E-11  0.1836E-03  0.9017E-04  0.4791E-02  0.2061E-03  0.4609E-02  0.1275E-05  0.2049E-03  0.2678E-01  0.5811E-02  0.3518E-01  0.1832E-01  0.5185E-02 -0.3095E-03  0.7336E-03
F  11 0.912256E+08  0.1007E+01 0.0000E+00 0.1000E+01   4.000   8.441  0.5392E-02  0.9998E+00  0.30031  0.3000E-11  0.1820E-03  0.8926E-04  0.4757E-02  0.2052E-03  0.4573E-02  0.1264E-05  0.2010E-03  0.2672E-01  0.5813E-02  0.3524E-01  0.1832E-01  0.5132E-02 -0.3101E-03  0.7331E-03
F  11 0.917253E+08  0.1007E+01 0.0000E+00 0.1000E+01   4.000   8.447  0.5352E-02  0.9998E+00  0.30031  0.3000E-11  0.1805E-03  0.8838E-04  0.4725E-02  0.2043E-03  0.4538E-02  0.1255E-05  0.1973E-03  0.2666E-01  0.5815E-02  0.3529E-01  0.1832E-01  0.5079E-02 -0.3107E-03  0.7327E-03
F  11 0.922249E+08  0.1007E+01 0.0000E+00 0.1000E+01   4.000   8.454  0.5314E-02  0.9998E+00  0.30031  0.3000E-11  0.1790E-03  0.8752E-04  0.4693E-02  0.2035E-03  0.4503E-02  0.1245E-05  0.1937E-03  0.2660E-01  0.5817E-02  0.3534E-01  0.1832E-01  0.5028E-02 -0.3112E-03  0.7322E-03
F  11 0.927246E+08  0.1007E+01 0.0000E+00 0.1000E+01   4.000   8.460  0.5276E-02  0.9998E+00  0.30031  0.3000E-11  0.1775E-03  0.8668E-04  0.4662E-02  0.2027E-03  0.4469E-02  0.1236E-05  0.1902E-03  0.2655E-01  0.5820E-02  0.3539E-01  0.1832E-01  0.4978E-02 -0.3118E-03  0.7317E-03
F  11 0.932243E+08  0.1007E+01 0.0000E+00 0.1000E+01   4.000   8.466  0.5239E-02  0.9998E+00  0.30031  0.3000E-11  0.1761E-03  0.8586E-04  0.4631E-02  0.2019E-03  0.4436E-02  0.1227E-05  0.1869E-03  0.2649E-01  0.5823E-02  0.3545E-01  0.1832E-01  0.4929E-02 -0.3124E-03  0.7313E-03
F  11 0.937239E+08  0.1007E+01 0.0000E+00 0.1000E+01   4.000   8.472  0.5203E-02  0.9998E+00  0.30031  0.3000E-11  0.1747E-03  0.8507E-04  0.4601E-02  0.2011E-03  0.4403E-02  0.1219E-05  0.1836E-03  0.2643E-01  0.5826E-02  0.3550E-01  0.1832E-01  0.4881E-02 -0.3129E-03  0.7309E-03
F  11 0.942236E+08  0.1007E+01 0.0000E+00 0.1000E+01   4.000   8.478  0.5168E-02  0.9998E+00  0.30031  0.3000E-11  0.1734E-03  0.8430E-04  0.4572E-02  0.2004E-03  0.4371E-02  0.1211E-05  0.1805E-03  0.2638E-01  0.5829E-02  0.3554E-01  0.1832E-01  0.4834E-02 -0.3134E-03  0.7305E-03
F  11 0.947233E+08  0.1007E+01 0.0000E+00 0.1000E+01   4.000   8.484  0.5133E-02  0.9998E+00  0.30031  0.3000E-11  0.1720E-03  0.8355E-04  0.4543E-02  0.1997E-03  0.4339E-02  0.1203E-05  0.1776E-03  0.2632E-01  0.5832E-02  0.3559E-01  0.1832E-01  0.4788E-02 -0.3139E-03  0.7301E-03
F  11 0.952230E+08  0.1007E+01 0.0000E+00 0.1000E+01   4.000   8.489  0.5099E-02  0.9998E+00  0.30031  0.3000E-11  0.1708E-03  0.8282E-04  0.4515E-02  0.1990E-03  0.4308E-02  0.1196E-05  0.1747E-03  0.2627E-01  0.5836E-02  0.3564E-01  0.1832E-01  0.4744E-02 -0.3145E-03  0.7297E-03
F  11 0.957226E+08  0.1007E+01 0.0000E+00 0.1000E+01   4.000   8.495  0.5066E-02  0.9998E+00  0.30031  0.3000E-11  0.1695E-03  0.8211E-04  0.4487E-02  0.1983E-03  0.4278E-02  0.1188E-05  0.1719E-03  0.2621E-01  0.5839E-02  0.3569E-01  0.1832E-01  0.4700E-02 -0.3150E-03  0.7293E-03
F  11 0.962223E+08  0.1007E+01 0.0000E+00 0.1000E+01   4.000   8.501  0.5034E-02  0.9998E+00  0.30032  0.3000E-11  0.1683E-03  0.8142E-04  0.4460E-02  0.1976E-03  0.4248E-02  0.1181E-05  0.1692E-03  0.2616E-01  0.5843E-02  0.3573E-01  0.1832E-01  0.4657E-02 -0.3154E-03  0.7289E-03
F  11 0.967220E+08  0.1007E+01 0.0000E+00 0.1000E+01   4.000   8.506  0.5002E-02  0.9998E+00  0.30032  0.3000E-11  0.1671E-03  0.8074E-04  0.4434E-02  0.1970E-03  0.4219E-02  0.1175E-05  0.1667E-03  0.2610E-01  0.5847E-02  0.3578E-01  0.1832E-01  0.4615E-02 -0.3159E-03  0.7286E-03
F  11 0.972216E+08  0.1007E+01 0.0000E+00 0.1000E+01   4.000   8.512  0.4971E-02  0.9998E+00  0.30032  0.3000E-11  0.1660E-03  0.8009E-04  0.4407E-02  0.1964E-03  0.4191E-02  0.1168E-05  0.1642E-03  0.2605E-01  0.5851E-02  0.3582E-01  0.1832E-01  0.4575E-02 -0.3164E-03  0.7282E-03
F  11 0.977213E+08  0.1007E+01 0.0000E+00 0.1000E+01   4.000   8.517  0.4940E-02  0.9998E+00  0.30032  0.3000E-11  0.1648E-03  0.7946E-04  0.4382E-02  0.1958E-03  0.4163E-02  0.1162E-05  0.1618E-03  0.2600E-01  0.5856E-02  0.3587E-01  0.1832E-01  0.4535E-02 -0.3169E-03  0.7279E-03
F  11 0.982210E+08  0.1007E+01 0.0000E+00 0.1000E+01   4.000   8.522  0.4910E-02  0.9998E+00  0.30032  0.3000E-11  0.1637E-03  0.7884E-04  0.4357E-02  0.1953E-03  0.4135E-02  0.1156E-05  0.1595E-03  0.2594E-01  0.5860E-02  0.3591E-01  0.1833E-01  0.4496E-02 -0.3173E-03  0.7276E-03
F  11 0.987207E+08  0.1007E+01 0.0000E+00 0.1000E+01   4.000   8.527  0.4881E-02  0.9998E+00  0.30032  0.3000E-11  0.1627E-03  0.7825E-04  0.4332E-02  0.1947E-03  0.4108E-02  0.1150E-05  0.1573E-03  0.2589E-01  0.5865E-02  0.3595E-01  0.1833E-01  0.4458E-02 -0.3177E-03  0.7273E-03
F  11 0.992203E+08  0.1007E+01 0.0000E+00 0.1000E+01   4.000   8.532  0.4852E-02  0.9998E+00  0.30032  0.3000E-11  0.1617E-03  0.7767E-04  0.4308E-02  0.1942E-03  0.4082E-02  0.1145E-05  0.1552E-03  0.2583E-01  0.5870E-02  0.3599E-01  0.1833E-01  0.4421E-02 -0.3182E-03  0.7270E-03
F  11 0.997200E+08  0.1007E+01 0.0000E+00 0.1000E+01   4.000   8.537  0.4824E-02  0.9998E+00  0.30032  0.3000E-11  0.1607E-03  0.7711E-04  0.4284E-02  0.1938E-03  0.4056E-02  0.1139E-05  0.1532E-03  0.2578E-01  0.5875E-02  0.3603E-01  0.1833E-01  0.4385E-02 -0.3186E-03  0.7267E-03
F  11 0.100001E+09  0.1007E+01 0.0000E+00 0.1000E+01   4.000   8.540  0.4809E-02  0.9998E+00  0.30032  0.3000E-11  0.1601E-03  0.7680E-04  0.4271E-02  0.1935E-03  0.4042E-02  0.1136E-05  0.1521E-03  0.2575E-01  0.5878E-02  0.3606E-01  0.1833E-01  0.4365E-02 -0.3188E-03  0.7265E-03
F  11 0.100200E+09  0.1007E+01 0.0000E+00 0.1000E+01   4.000   8.542  0.4798E-02  0.9998E+00  0.30032  0.3000E-11  0.1597E-03  0.7658E-04  0.4262E-02  0.1933E-03  0.4032E-02  0.1134E-05  0.1513E-03  0.2573E-01  0.5881E-02  0.3607E-01  0.1833E-01  0.4351E-02 -0.3190E-03  0.7264E-03
F  11 0.100700E+09  0.1007E+01 0.0000E+00 0.1000E+01   4.000   8.547  0.4771E-02  0.9998E+00  0.30032  0.3000E-11  0.1588E-03  0.7606E-04  0.4239E-02  0.1929E-03  0.4007E-02  0.1129E-05  0.1494E-03  0.2567E-01  0.5886E-02  0.3611E-01  0.1833E-01  0.4317E-02 -0.3194E-03  0.7261E-03
F  11 0.101200E+09  0.1007E+01 0.0000E+00 0.1000E+01   4.000   8.551  0.4745E-02  0.9998E+00  0.30032  0.3000E-11  0.1579E-03  0.7555E-04  0.4216E-02  0.1925E-03  0.3982E-02  0.1125E-05  0.1476E-03  0.2562E-01  0.5892E-02  0.3615E-01  0.1833E-01  0.4283E-02 -0.3198E-03  0.7258E-03
F  11 0.101699E+09  0.1007E+01 0.0000E+00 0.1000E+01   4.000   8.556  0.4719E-02  0.9998E+00  0.30032  0.3000E-11  0.1570E-03  0.7505E-04  0.4194E-02  0.1921E-03  0.3958E-02  0.1120E-05  0.1458E-03  0.2556E-01  0.5898E-02  0.3619E-01  0.1834E-01  0.4250E-02 -0.3202E-03  0.7256E-03
F  11 0.102199E+09  0.1007E+01 0.0000E+00 0.1000E+01   4.000   8.560  0.4694E-02  0.9999E+00  0.30032  0.3000E-11  0.1561E-03  0.7457E-04  0.4173E-02  0.1917E-03  0.3935E-02  0.1115E-05  0.1441E-03  0.2551E-01  0.5905E-02  0.3623E-01  0.1834E-01  0.4218E-02 -0.3205E-03  0.7253E-03
F  11 0.102699E+09  0.1007E+01 0.0000E+00 0.1000E+01   4.000   8.565  0.4669E-02  0.9999E+00  0.30032  0.3000E-11  0.1553E-03  0.7411E-04  0.4151E-02  0.1914E-03  0.3912E-02  0.1111E-05  0.1425E-03  0.2545E-01  0.5911E-02  0.3627E-01  0.1834E-01  0.4187E-02 -0.3209E-03  0.7251E-03
F  11 0.103198E+09  0.1007E+01 0.0000E+00 0.1000E+01   4.000   8.569  0.4645E-02  0.9999E+00  0.30032  0.3000E-11  0.1545E-03  0.7367E-04  0.4130E-02  0.1910E-03  0.3889E-02  0.1107E-05  0.1409E-03  0.2540E-01  0.5918E-02  0.3630E-01  0.1834E-01  0.4157E-02 -0.3213E-03  0.7248E-03
F  11 0.103698E+09  0.1007E+01 0.0000E+00 0.1000E+01   4.000   8.573  0.4621E-02  0.9999E+00  0.30032  0.3000E-11  0.1538E-03  0.7324E-04  0.4110E-02  0.1907E-03  0.3867E-02  0.1103E-05  0.1394E-03  0.2534E-01  0.5925E-02  0.3634E-01  0.1834E-01  0.4128E-02 -0.3216E-03  0.7246E-03
F  11 0.104198E+09  0.1007E+01 0.0000E+00 0.1000E+01   4.000   8.577  0.4598E-02  0.9999E+00  0.30032  0.3000E-11  0.1530E-03  0.7282E-04  0.4090E-02  0.1905E-03  0.3845E-02  0.1099E-05  0.1379E-03  0.2529E-01  0.5933E-02  0.3638E-01  0.1835E-01  0.4099E-02 -0.3220E-03  0.7244E-03
F  11 0.104697E+09  0.1007E+01 0.0000E+00 0.1000E+01   4.000   8.581  0.4575E-02  0.9999E+00  0.30032  0.3000E-11  0.1523E-03  0.7242E-04  0.4070E-02  0.1902E-03  0.3824E-02  0.1096E-05  0.1365E-03  0.2523E-01  0.5940E-02  0.3641E-01  0.1835E-01  0.4071E-02 -0.3223E-03  0.7242E-03
F  11 0.105197E+09  0.1007E+01 0.0000E+00 0.1000E+01   4.000   8.585  0.4553E-02  0.9999E+00  0.30032  0.3000E-11  0.1516E-03  0.7204E-04  0.4050E-02  0.1900E-03  0.3803E-02  0.1092E-05  0.1352E-03  0.2517E-01  0.5948E-02  0.3645E-01  0.1835E-01  0.4044E-02 -0.3227E-03  0.7239E-03
F  11 0.105697E+09  0.1007E+01 0.0000E+00 0.1000E+01   4.000   8.589  0.4531E-02  0.9999E+00  0.30032  0.3000E-11  0.1510E-03  0.7167E-04  0.4031E-02  0.1898E-03  0.3782E-02  0.1089E-05  0.1339E-03  0.2512E-01  0.5957E-02  0.3648E-01  0.1835E-01  0.4017E-02 -0.3230E-03  0.7237E-03
F  11 0.106196E+09  0.1007E+01 0.0000E+00 0.1000E+01   4.000   8.593  0.4509E-02  0.9999E+00  0.30032  0.3000E-11  0.1504E-03  0.7132E-04  0.4012E-02  0.1896E-03  0.3762E-02  0.1085E-05  0.1326E-03  0.2506E-01  0.5965E-02  0.3652E-01  0.1836E-01  0.3992E-02 -0.3233E-03  0.7235E-03
F  11 0.106696E+09  0.1007E+01 0.0000E+00 0.1000E+01   4.000   8.597  0.4489E-02  0.9999E+00  0.30032  0.3000E-11  0.1498E-03  0.7098E-04  0.3994E-02  0.1895E-03  0.3742E-02  0.1082E-05  0.1314E-03  0.2500E-01  0.5974E-02  0.3655E-01  0.1836E-01  0.3967E-02 -0.3236E-03  0.7233E-03
F  11 0.107196E+09  0.1007E+01 0.0000E+00 0.1000E+01   4.000   8.600  0.4468E-02  0.9999E+00  0.30032  0.3000E-11  0.1492E-03  0.7065E-04  0.3976E-02  0.1894E-03  0.3723E-02  0.1079E-05  0.1303E-03  0.2494E-01  0.5983E-02  0.3659E-01  0.1836E-01  0.3943E-02 -0.3239E-03  0.7232E-03
F  11 0.107695E+09  0.1007E+01 0.0000E+00 0.1000E+01   4.000   8.604  0.4448E-02  0.9999E+00  0.30032  0.3000E-11  0.1486E-03  0.7034E-04  0.3958E-02  0.1893E-03  0.3704E-02  0.1076E-05  0.1291E-03  0.2488E-01  0.5993E-02  0.3662E-01  0.1837E-01  0.3919E-02 -0.3242E-03  0.7230E-03
F  11 0.108195E+09  0.1007E+01 0.0000E+00 0.1000E+01   4.000   8.607  0.4428E-02  0.9999E+00  0.30032  0.3000E-11  0.1481E-03  0.7005E-04  0.3940E-02  0.1892E-03  0.3685E-02  0.1073E-05  0.1281E-03  0.2482E-01  0.6002E-02  0.3666E-01  0.1837E-01  0.3896E-02 -0.3245E-03  0.7228E-03
F  11 0.108695E+09  0.1007E+01 0.0000E+00 0.1000E+01   4.000   8.610  0.4409E-02  0.9999E+00  0.30032  0.3000E-11  0.1476E-03  0.6977E-04  0.3922E-02  0.1892E-03  0.3667E-02  0.1071E-05  0.1270E-03  0.2476E-01  0.6012E-02  0.3669E-01  0.1837E-01  0.3874E-02 -0.3248E-03  0.7226E-03
F  11 0.109194E+09  0.1007E+01 0.0000E+00 0.1000E+01   4.000   8.613  0.4390E-02  0.9999E+00  0.30033  0.3000E-11  0.1472E-03  0.6950E-04  0.3905E-02  0.1892E-03  0.3649E-02  0.1068E-05  0.1260E-03  0.2469E-01  0.6023E-02  0.3672E-01  0.1838E-01  0.3853E-02 -0.3251E-03  0.7225E-03
F  11 0.109694E+09  0.1007E+01 0.0000E+00 0.1000E+01   4.000   8.616  0.4372E-02  0.9999E+00  0.30033  0.3000E-11  0.1468E-03  0.6925E-04  0.3888E-02  0.1892E-03  0.3631E-02  0.1066E-05  0.1251E-03  0.2463E-01  0.6034E-02  0.3676E-01  0.1838E-01  0.3832E-02 -0.3253E-03  0.7223E-03
F  11 0.110194E+09  0.1007E+01 0.0000E+00 0.1000E+01   4.000   8.619  0.4354E-02  0.9999E+00  0.30033  0.3000E-11  0.1463E-03  0.6901E-04  0.3872E-02  0.1892E-03  0.3614E-02  0.1063E-05  0.1241E-03  0.2456E-01  0.6045E-02  0.3679E-01  0.1838E-01  0.3812E-02 -0.3256E-03  0.7222E-03
F  11 0.110693E+09  0.1007E+01 0.0000E+00 0.1000E+01   4.000   8.622  0.4336E-02  0.9999E+00  0.30033  0.3000E-11  0.1460E-03  0.6879E-04  0.3855E-02  0.1893E-03  0.3597E-02  0.1061E-05  0.1232E-03  0.2450E-01  0.6056E-02  0.3682E-01  0.1839E-01  0.3793E-02 -0.3259E-03  0.7220E-03
F  11 0.111193E+09  0.1007E+01 0.0000E+00 0.1000E+01   4.000   8.625  0.4318E-02  0.9999E+00  0.30033  0.3000E-11  0.1456E-03  0.6858E-04  0.3839E-02  0.1894E-03  0.3581E-02  0.1059E-05  0.1224E-03  0.2443E-01  0.6068E-02  0.3685E-01  0.1839E-01  0.3774E-02 -0.3261E-03  0.7219E-03
F  11 0.111693E+09  0.1007E+01 0.0000E+00 0.1000E+01   4.000   8.627  0.4301E-02  0.9999E+00  0.30033  0.3000E-11  0.1453E-03  0.6839E-04  0.3823E-02  0.1895E-03  0.3564E-02  0.1056E-05  0.1216E-03  0.2436E-01  0.6081E-02  0.3689E-01  0.1840E-01  0.3756E-02 -0.3264E-03  0.7217E-03
F  11 0.112193E+09  0.1007E+01 0.0000E+00 0.1000E+01   4.000   8.630  0.4285E-02  0.9999E+00  0.30033  0.3000E-11  0.1450E-03  0.6821E-04  0.3807E-02  0.1897E-03  0.3548E-02  0.1054E-05  0.1208E-03  0.2429E-01  0.6093E-02  0.3692E-01  0.1840E-01  0.3738E-02 -0.3266E-03  0.7216E-03
F  11 0.112692E+09  0.1007E+01 0.0000E+00 0.1000E+01   4.000   8.632  0.4268E-02  0.9999E+00  0.30033  0.3000E-11  0.1447E-03  0.6804E-04  0.3792E-02  0.1898E-03  0.3533E-02  0.1052E-05  0.1200E-03  0.2422E-01  0.6106E-02  0.3695E-01  0.1841E-01  0.3722E-02 -0.3268E-03  0.7215E-03
F  11 0.113192E+09  0.1007E+01 0.0000E+00 0.1000E+01   4.000   8.635  0.4253E-02  0.9999E+00  0.30033  0.3000E-11  0.1445E-03  0.6789E-04  0.3776E-02  0.1901E-03  0.3517E-02  0.1050E-05  0.1193E-03  0.2415E-01  0.6120E-02  0.3698E-01  0.1841E-01  0.3706E-02 -0.3271E-03  0.7214E-03
F  11 0.113692E+09  0.1007E+01 0.0000E+00 0.1000E+01   4.000   8.637  0.4237E-02  0.9999E+00  0.30033  0.3000E-11  0.1443E-03  0.6776E-04  0.3761E-02  0.1903E-03  0.3502E-02  0.1049E-05  0.1185E-03  0.2408E-01  0.6134E-02  0.3701E-01  0.1842E-01  0.3690E-02 -0.3273E-03  0.7212E-03
F  11 0.114191E+09  0.1007E+01 0.0000E+00 0.1000E+01   4.000   8.639  0.4222E-02  0.9999E+00  0.30033  0.3000E-11  0.1441E-03  0.6764E-04  0.3746E-02  0.1906E-03  0.3487E-02  0.1047E-05  0.1179E-03  0.2400E-01  0.6148E-02  0.3705E-01  0.1842E-01  0.3675E-02 -0.3275E-03  0.7211E-03
F  11 0.114691E+09  0.1007E+01 0.0000E+00 0.1000E+01   4.000   8.641  0.4207E-02  0.9999E+00  0.30033  0.3000E-11  0.1440E-03  0.6753E-04  0.3731E-02  0.1909E-03  0.3473E-02  0.1045E-05  0.1172E-03  0.2393E-01  0.6163E-02  0.3708E-01  0.1843E-01  0.3661E-02 -0.3277E-03  0.7210E-03
F  11 0.115191E+09  0.1007E+01 0.0000E+00 0.1000E+01   4.000   8.643  0.4192E-02  0.9999E+00  0.30033  0.3000E-11  0.1439E-03  0.6744E-04  0.3716E-02  0.1912E-03  0.3459E-02  0.1043E-05  0.1166E-03  0.2385E-01  0.6178E-02  0.3711E-01  0.1844E-01  0.3648E-02 -0.3280E-03  0.7209E-03
F  11 0.115690E+09  0.1007E+01 0.0000E+00 0.1000E+01   4.000   8.644  0.4177E-02  0.9999E+00  0.30033  0.3000E-11  0.1438E-03  0.6737E-04  0.3702E-02  0.1916E-03  0.3445E-02  0.1042E-05  0.1160E-03  0.2377E-01  0.6193E-02  0.3714E-01  0.1844E-01  0.3635E-02 -0.3282E-03  0.7208E-03
F  11 0.116190E+09  0.1007E+01 0.0000E+00 0.1000E+01   4.000   8.646  0.4163E-02  0.9999E+00  0.30033  0.3000E-11  0.1437E-03  0.6731E-04  0.3688E-02  0.1920E-03  0.3431E-02  0.1040E-05  0.1154E-03  0.2369E-01  0.6209E-02  0.3717E-01  0.1845E-01  0.3622E-02 -0.3284E-03  0.7207E-03
F  11 0.116690E+09  0.1007E+01 0.0000E+00 0.1000E+01   4.000   8.648  0.4149E-02  0.9999E+00  0.30033  0.3000E-11  0.1437E-03  0.6726E-04  0.3673E-02  0.1924E-03  0.3417E-02  0.1039E-05  0.1148E-03  0.2361E-01  0.6226E-02  0.3721E-01  0.1846E-01  0.3611E-02 -0.3285E-03  0.7206E-03
F  11 0.117189E+09  0.1007E+01 0.0000E+00 0.1000E+01   4.000   8.649  0.4136E-02  0.9999E+00  0.30033  0.3000E-11  0.1437E-03  0.6724E-04  0.3659E-02  0.1929E-03  0.3404E-02  0.1037E-05  0.1143E-03  0.2352E-01  0.6243E-02  0.3724E-01  0.1846E-01  0.3600E-02 -0.3287E-03  0.7205E-03
F  11 0.117689E+09  0.1007E+01 0.0000E+00 0.1000E+01   4.000   8.650  0.4123E-02  0.9999E+00  0.30033  0.3000E-11  0.1437E-03  0.6722E-04  0.3645E-02  0.1934E-03  0.3391E-02  0.1036E-05  0.1137E-03  0.2344E-01  0.6260E-02  0.3727E-01  0.1847E-01  0.3589E-02 -0.3289E-03  0.7205E-03
F  11 0.118189E+09  0.1007E+01 0.0000E+00 0.1000E+01   4.000   8.651  0.4110E-02  0.9999E+00  0.30033  0.3000E-11  0.1438E-03  0.6723E-04  0.3631E-02  0.1940E-03  0.3379E-02  0.1035E-05  0.1132E-03  0.2335E-01  0.6278E-02  0.3730E-01  0.1848E-01  0.3580E-02 -0.3291E-03  0.7204E-03
F  11 0.118688E+09  0.1007E+01 0.0000E+00 0.1000E+01   4.000   8.652  0.4097E-02  0.9999E+00  0.30033  0.3000E-11  0.1439E-03  0.6725E-04  0.3617E-02  0.1946E-03  0.3366E-02  0.1033E-05  0.1127E-03  0.2326E-01  0.6296E-02  0.3733E-01  0.1849E-01  0.3570E-02 -0.3293E-03  0.7203E-03
F  11 0.119188E+09  0.1007E+01 0.0000E+00 0.1000E+01   4.000   8.653  0.4085E-02  0.9999E+00  0.30033  0.3000E-11  0.1441E-03  0.6728E-04  0.3604E-02  0.1952E-03  0.3354E-02  0.1032E-05  0.1123E-03  0.2317E-01  0.6315E-02  0.3737E-01  0.1849E-01  0.3562E-02 -0.3294E-03  0.7202E-03
F  11 0.119688E+09  0.1007E+01 0.0000E+00 0.1000E+01   4.000   8.654  0.4073E-02  0.9999E+00  0.30033  0.3000E-11  0.1442E-03  0.6734E-04  0.3590E-02  0.1958E-03  0.3342E-02  0.1031E-05  0.1118E-03  0.2307E-01  0.6334E-02  0.3740E-01  0.1850E-01  0.3554E-02 -0.3296E-03  0.7202E-03
F  11 0.120187E+09  0.1007E+01 0.0000E+00 0.1000E+01   4.000   8.655  0.4061E-02  0.9999E+00  0.30033  0.3000E-11  0.1445E-03  0.6741E-04  0.3577E-02  0.1965E-03  0.3330E-02  0.1030E-05  0.1114E-03  0.2298E-01  0.6354E-02  0.3743E-01  0.1851E-01  0.3547E-02 -0.3298E-03  0.7201E-03
F  11 0.120687E+09  0.1007E+01 0.0000E+00 0.1000E+01   4.000   8.655  0.4049E-02  0.9999E+00  0.30033  0.3000E-11  0.1447E-03  0.6750E-04  0.3563E-02  0.1973E-03  0.3319E-02  0.1029E-05  0.1110E-03  0.2288E-01  0.6375E-02  0.3747E-01  0.1852E-01  0.3540E-02 -0.3299E-03  0.7200E-03
F  11 0.121187E+09  0.1007E+01 0.0000E+00 0.1000E+01   4.000   8.656  0.4038E-02  0.9999E+00  0.30033  0.3000E-11  0.1450E-03  0.6761E-04  0.3550E-02  0.1980E-03  0.3307E-02  0.1028E-05  0.1105E-03  0.2278E-01  0.6395E-02  0.3750E-01  0.1853E-01  0.3534E-02 -0.3301E-03  0.7200E-03
F  11 0.121686E+09  0.1007E+01 0.0000E+00 0.1000E+01   4.000   8.656  0.4026E-02  0.9999E+00  0.30033  0.3000E-11  0.1453E-03  0.6773E-04  0.3536E-02  0.1989E-03  0.3296E-02  0.1027E-05  0.1102E-03  0.2268E-01  0.6417E-02  0.3753E-01  0.1854E-01  0.3529E-02 -0.3302E-03  0.7199E-03
F  11 0.122186E+09  0.1007E+01 0.0000E+00 0.1000E+01   4.000   8.656  0.4016E-02  0.9999E+00  0.30033  0.3000E-11  0.1457E-03  0.6787E-04  0.3523E-02  0.1997E-03  0.3285E-02  0.1026E-05  0.1098E-03  0.2257E-01  0.6439E-02  0.3757E-01  0.1855E-01  0.3524E-02 -0.3303E-03  0.7199E-03
F  11 0.122686E+09  0.1007E+01 0.0000E+00 0.1000E+01   4.000   8.656  0.4005E-02  0.9999E+00  0.30033  0.3000E-11  0.1461E-03  0.6804E-04  0.3510E-02  0.2006E-03  0.3275E-02  0.1025E-05  0.1094E-03  0.2246E-01  0.6461E-02  0.3760E-01  0.1856E-01  0.3520E-02 -0.3305E-03  0.7199E-03
F  11 0.123185E+09  0.1007E+01 0.0000E+00 0.1000E+01   4.000   8.656  0.3995E-02  0.9999E+00  0.30033  0.3000E-11  0.1465E-03  0.6822E-04  0.3497E-02  0.2016E-03  0.3264E-02  0.1024E-05  0.1091E-03  0.2235E-01  0.6484E-02  0.3764E-01  0.1857E-01  0.3517E-02 -0.3306E-03  0.7198E-03
F  11 0.123685E+09  0.1007E+01 0.0000E+00 0.1000E+01   4.000   8.656  0.3984E-02  0.9999E+00  0.30033  0.3000E-11  0.1470E-03  0.6842E-04  0.3483E-02  0.2025E-03  0.3254E-02  0.1023E-05  0.1087E-03  0.2224E-01  0.6507E-02  0.3767E-01  0.1858E-01  0.3514E-02 -0.3307E-03  0.7198E-03
F  11 0.124185E+09  0.1007E+01 0.0000E+00 0.1000E+01   4.000   8.655  0.3974E-02  0.9999E+00  0.30033  0.3000E-11  0.1475E-03  0.6865E-04  0.3470E-02  0.2036E-03  0.3244E-02  0.1022E-05  0.1084E-03  0.2212E-01  0.6531E-02  0.3770E-01  0.1859E-01  0.3512E-02 -0.3308E-03  0.7197E-03
F  11 0.124684E+09  0.1007E+01 0.0000E+00 0.1000E+01   4.000   8.655  0.3965E-02  0.9999E+00  0.30033  0.3000E-11  0.1481E-03  0.6889E-04  0.3457E-02  0.2047E-03  0.3234E-02  0.1021E-05  0.1081E-03  0.2201E-01  0.6555E-02  0.3774E-01  0.1861E-01  0.3511E-02 -0.3309E-03  0.7197E-03
F  11 0.125184E+09  0.1007E+01 0.0000E+00 0.1000E+01   4.000   8.654  0.3955E-02  0.9999E+00  0.30033  0.3000E-11  0.1487E-03  0.6916E-04  0.3444E-02  0.2058E-03  0.3224E-02  0.1020E-05  0.1078E-03  0.2189E-01  0.6580E-02  0.3778E-01  0.1862E-01  0.3510E-02 -0.3310E-03  0.7197E-03
F  11 0.125684E+09  0.1007E+01 0.0000E+00 0.1000E+01   4.000   8.653  0.3946E-02  0.9999E+00  0.30033  0.3000E-11  0.1493E-03  0.6945E-04  0.3431E-02  0.2070E-03  0.3214E-02  0.1020E-05  0.1075E-03  0.2176E-01  0.6606E-02  0.3781E-01  0.1863E-01  0.3510E-02 -0.3311E-03  0.7197E-03
F  11 0.126183E+09  0.1007E+01 0.0000E+00 0.1000E+01   4.000   8.652  0.3937E-02  0.9999E+00  0.30033  0.3000E-11  0.1500E-03  0.6976E-04  0.3418E-02  0.2082E-03  0.3205E-02  0.1019E-05  0.1072E-03  0.2164E-01  0.6632E-02  0.3785E-01  0.1865E-01  0.3511E-02 -0.3312E-03  0.7197E-03
F  11 0.126683E+09  0.1007E+01 0.0000E+00 0.1000E+01   4.000   8.651  0.3928E-02  0.9999E+00  0.30033  0.3000E-11  0.1508E-03  0.7009E-04  0.3404E-02  0.2095E-03  0.3196E-02  0.1018E-05  0.1070E-03  0.2151E-01  0.6658E-02  0.3788E-01  0.1866E-01  0.3512E-02 -0.3313E-03  0.7196E-03
F  11 0.127183E+09  0.1007E+01 0.0000E+00 0.1000E+01   4.000   8.650  0.3920E-02  0.9999E+00  0.30033  0.3000E-11  0.1516E-03  0.7045E-04  0.3391E-02  0.2108E-03  0.3187E-02  0.1018E-05  0.1067E-03  0.2138E-01  0.6685E-02  0.3792E-01  0.1867E-01  0.3514E-02 -0.3314E-03  0.7196E-03
F  11 0.127682E+09  0.1007E+01 0.0000E+00 0.1000E+01   4.000   8.649  0.3911E-02  0.9999E+00  0.30033  0.3000E-11  0.1525E-03  0.7083E-04  0.3378E-02  0.2121E-03  0.3178E-02  0.1017E-05  0.1065E-03  0.2124E-01  0.6713E-02  0.3796E-01  0.1869E-01  0.3517E-02 -0.3314E-03  0.7196E-03
F  11 0.128182E+09  0.1007E+01 0.0000E+00 0.1000E+01   4.000   8.647  0.3903E-02  0.9999E+00  0.30033  0.3000E-11  0.1534E-03  0.7124E-04  0.3365E-02  0.2136E-03  0.3169E-02  0.1016E-05  0.1062E-03  0.2111E-01  0.6740E-02  0.3800E-01  0.1870E-01  0.3521E-02 -0.3315E-03  0.7196E-03
F  11 0.128682E+09  0.1007E+01 0.0000E+00 0.1000E+01   4.000   8.645  0.3895E-02  0.9999E+00  0.30033  0.3000E-11  0.1543E-03  0.7167E-04  0.3351E-02  0.2151E-03  0.3161E-02  0.1016E-05  0.1060E-03  0.2097E-01  0.6769E-02  0.3803E-01  0.1872E-01  0.3525E-02 -0.3315E-03  0.7196E-03
F  11 0.129181E+09  0.1007E+01 0.0000E+00 0.1000E+01   4.000   8.643  0.3888E-02  0.9999E+00  0.30033  0.3000E-11  0.1553E-03  0.7213E-04  0.3338E-02  0.2166E-03  0.3153E-02  0.1015E-05  0.1058E-03  0.2082E-01  0.6798E-02  0.3807E-01  0.1874E-01  0.3530E-02 -0.3316E-03  0.7196E-03
F  11 0.129681E+09  0.1007E+01 0.0000E+00 0.1000E+01   4.000   8.641  0.3880E-02  0.9999E+00  0.30033  0.3000E-11  0.1564E-03  0.7262E-04  0.3324E-02  0.2182E-03  0.3145E-02  0.1015E-05  0.1056E-03  0.2068E-01  0.6827E-02  0.3811E-01  0.1875E-01  0.3535E-02 -0.3316E-03  0.7196E-03
F  11 0.130181E+09  0.1007E+01 0.0000E+00 0.1000E+01   4.000   8.639  0.3873E-02  0.9999E+00  0.30033  0.3000E-11  0.1575E-03  0.7314E-04  0.3311E-02  0.2198E-03  0.3137E-02  0.1014E-05  0.1054E-03  0.2053E-01  0.6856E-02  0.3815E-01  0.1877E-01  0.3542E-02 -0.3317E-03  0.7196E-03
F  11 0.130680E+09  0.1007E+01 0.0000E+00 0.1000E+01   4.000   8.637  0.3866E-02  0.9999E+00  0.30033  0.3000E-11  0.1587E-03  0.7368E-04  0.3297E-02  0.2215E-03  0.3129E-02  0.1014E-05  0.1052E-03  0.2038E-01  0.6887E-02  0.3819E-01  0.1879E-01  0.3549E-02 -0.3317E-03  0.7197E-03
F  11 0.131180E+09  0.1007E+01 0.0000E+00 0.1000E+01   4.000   8.634  0.3859E-02  0.9999E+00  0.30033  0.3000E-11  0.1600E-03  0.7426E-04  0.3284E-02  0.2233E-03  0.3121E-02  0.1013E-05  0.1050E-03  0.2022E-01  0.6917E-02  0.3823E-01  0.1881E-01  0.3557E-02 -0.3317E-03  0.7197E-03
F  11 0.131680E+09  0.1007E+01 0.0000E+00 0.1000E+01   4.000   8.632  0.3853E-02  0.9999E+00  0.30033  0.3000E-11  0.1613E-03  0.7486E-04  0.3270E-02  0.2251E-03  0.3114E-02  0.1013E-05  0.1048E-03  0.2006E-01  0.6948E-02  0.3827E-01  0.1882E-01  0.3565E-02 -0.3317E-03  0.7197E-03
F  11 0.132179E+09  0.1007E+01 0.0000E+00 0.1000E+01   4.000   8.629  0.3846E-02  0.9999E+00  0.30033  0.3000E-11  0.1626E-03  0.7550E-04  0.3256E-02  0.2270E-03  0.3106E-02  0.1012E-05  0.1046E-03  0.1990E-01  0.6979E-02  0.3831E-01  0.1884E-01  0.3575E-02 -0.3317E-03  0.7197E-03
F  11 0.132679E+09  0.1007E+01 0.0000E+00 0.1000E+01   4.000   8.626  0.3840E-02  0.9999E+00  0.30033  0.3000E-11  0.1641E-03  0.7617E-04  0.3242E-02  0.2289E-03  0.3099E-02  0.1012E-05  0.1044E-03  0.1974E-01  0.7011E-02  0.3835E-01  0.1886E-01  0.3585E-02 -0.3317E-03  0.7197E-03
F  11 0.133179E+09  0.1007E+01 0.0000E+00 0.1000E+01   4.000   8.623  0.3834E-02  0.9999E+00  0.30033  0.3000E-11  0.1656E-03  0.7687E-04  0.3227E-02  0.2309E-03  0.3092E-02  0.1011E-05  0.1043E-03  0.1957E-01  0.7042E-02  0.3839E-01  0.1888E-01  0.3596E-02 -0.3317E-03  0.7198E-03
F  11 0.133678E+09  0.1007E+01 0.0000E+00 0.1000E+01   4.000   8.619  0.3828E-02  0.9999E+00  0.30033  0.3000E-11  0.1672E-03  0.7760E-04  0.3213E-02  0.2329E-03  0.3085E-02  0.1011E-05  0.1041E-03  0.1940E-01  0.7075E-02  0.3844E-01  0.1891E-01  0.3608E-02 -0.3317E-03  0.7198E-03
F  11 0.134178E+09  0.1007E+01 0.0000E+00 0.1000E+01   4.000   8.616  0.3823E-02  0.9999E+00  0.30033  0.3000E-11  0.1688E-03  0.7837E-04  0.3199E-02  0.2350E-03  0.3078E-02  0.1010E-05  0.1040E-03  0.1923E-01  0.7107E-02  0.3848E-01  0.1893E-01  0.3621E-02 -0.3317E-03  0.7198E-03
F  11 0.134678E+09  0.1007E+01 0.0000E+00 0.1000E+01   4.000   8.612  0.3818E-02  0.9999E+00  0.30033  0.3000E-11  0.1706E-03  0.7918E-04  0.3184E-02  0.2372E-03  0.3072E-02  0.1010E-05  0.1038E-03  0.1905E-01  0.7140E-02  0.3852E-01  0.1895E-01  0.3634E-02 -0.3316E-03  0.7199E-03
F  11 0.135177E+09  0.1007E+01 0.0000E+00 0.1000E+01   4.000   8.609  0.3813E-02  0.9999E+00  0.30033  0.3000E-11  0.1724E-03  0.8003E-04  0.3169E-02  0.2394E-03  0.3065E-02  0.1010E-05  0.1037E-03  0.1887E-01  0.7173E-02  0.3856E-01  0.1897E-01  0.3648E-02 -0.3316E-03  0.7199E-03
F  11 0.135677E+09  0.1007E+01 0.0000E+00 0.1000E+01   4.000   8.605  0.3808E-02  0.9999E+00  0.30033  0.3000E-11  0.1742E-03  0.8091E-04  0.3154E-02  0.2417E-03  0.3059E-02  0.1009E-05  0.1035E-03  0.1869E-01  0.7206E-02  0.3861E-01  0.1900E-01  0.3663E-02 -0.3315E-03  0.7200E-03
F  11 0.136177E+09  0.1007E+01 0.0000E+00 0.1000E+01   4.000   8.601  0.3803E-02  0.9999E+00  0.30033  0.3000E-11  0.1762E-03  0.8183E-04  0.3139E-02  0.2441E-03  0.3053E-02  0.1009E-05  0.1034E-03  0.1851E-01  0.7239E-02  0.3865E-01  0.1902E-01  0.3679E-02 -0.3315E-03  0.7200E-03
F  11 0.136676E+09  0.1007E+01 0.0000E+00 0.1000E+01   4.000   8.596  0.3799E-02  0.9999E+00  0.30033  0.3000E-11  0.1782E-03  0.8279E-04  0.3124E-02  0.2465E-03  0.3047E-02  0.1009E-05  0.1033E-03  0.1832E-01  0.7272E-02  0.3869E-01  0.1904E-01  0.3696E-02 -0.3314E-03  0.7201E-03
F  11 0.137176E+09  0.1007E+01 0.0000E+00 0.1000E+01   4.000   8.592  0.3795E-02  0.9999E+00  0.30033  0.3000E-11  0.1804E-03  0.8379E-04  0.3109E-02  0.2490E-03  0.3041E-02  0.1008E-05  0.1032E-03  0.1814E-01  0.7305E-02  0.3874E-01  0.1907E-01  0.3713E-02 -0.3313E-03  0.7201E-03
F  11 0.137676E+09  0.1007E+01 0.0000E+00 0.1000E+01   4.000   8.587  0.3791E-02  0.9999E+00  0.30033  0.3000E-11  0.1826E-03  0.8483E-04  0.3093E-02  0.2515E-03  0.3035E-02  0.1008E-05  0.1030E-03  0.1794E-01  0.7339E-02  0.3878E-01  0.1909E-01  0.3732E-02 -0.3312E-03  0.7202E-03
F  11 0.138175E+09  0.1007E+01 0.0000E+00 0.1000E+01   4.000   8.583  0.3788E-02  0.9999E+00  0.30033  0.3000E-11  0.1849E-03  0.8592E-04  0.3077E-02  0.2541E-03  0.3029E-02  0.1008E-05  0.1029E-03  0.1775E-01  0.7372E-02  0.3883E-01  0.1912E-01  0.3751E-02 -0.3311E-03  0.7203E-03
F  11 0.138675E+09  0.1007E+01 0.0000E+00 0.1000E+01   4.000   8.578  0.3784E-02  0.9999E+00  0.30033  0.3000E-11  0.1873E-03  0.8705E-04  0.3061E-02  0.2567E-03  0.3024E-02  0.1007E-05  0.1028E-03  0.1756E-01  0.7406E-02  0.3887E-01  0.1915E-01  0.3771E-02 -0.3310E-03  0.7203E-03
F  11 0.139175E+09  0.1007E+01 0.0000E+00 0.1000E+01   4.000   8.573  0.3781E-02  0.9999E+00  0.30033  0.3000E-11  0.1897E-03  0.8822E-04  0.3045E-02  0.2595E-03  0.3019E-02  0.1007E-05  0.1027E-03  0.1736E-01  0.7439E-02  0.3892E-01  0.1917E-01  0.3792E-02 -0.3309E-03  0.7204E-03
F  11 0.139674E+09  0.1007E+01 0.0000E+00 0.1000E+01   4.000   8.568  0.3778E-02  0.9999E+00  0.30033  0.3000E-11  0.1923E-03  0.8944E-04  0.3029E-02  0.2622E-03  0.3013E-02  0.1007E-05  0.1026E-03  0.1716E-01  0.7472E-02  0.3896E-01  0.1920E-01  0.3813E-02 -0.3308E-03  0.7205E-03
F  11 0.140174E+09  0.1007E+01 0.0000E+00 0.1000E+01   4.000   8.562  0.3776E-02  0.9999E+00  0.30033  0.3000E-11  0.1950E-03  0.9071E-04  0.3012E-02  0.2651E-03  0.3008E-02  0.1007E-05  0.1025E-03  0.1696E-01  0.7505E-02  0.3901E-01  0.1923E-01  0.3836E-02 -0.3306E-03  0.7205E-03
F  11 0.140674E+09  0.1007E+01 0.0000E+00 0.1000E+01   4.000   8.557  0.3774E-02  0.9999E+00  0.30033  0.3000E-11  0.1977E-03  0.9202E-04  0.2995E-02  0.2680E-03  0.3003E-02  0.1006E-05  0.1024E-03  0.1675E-01  0.7538E-02  0.3905E-01  0.1926E-01  0.3859E-02 -0.3305E-03  0.7206E-03
F  11 0.141173E+09  0.1007E+01 0.0000E+00 0.1000E+01   4.000   8.551  0.3772E-02  0.9999E+00  0.30033  0.3000E-11  0.2006E-03  0.9338E-04  0.2978E-02  0.2709E-03  0.2999E-02  0.1006E-05  0.1023E-03  0.1655E-01  0.7571E-02  0.3910E-01  0.1929E-01  0.3883E-02 -0.3303E-03  0.7207E-03
F  11 0.141673E+09  0.1007E+01 0.0000E+00 0.1000E+01   4.000   8.545  0.3770E-02  0.9999E+00  0.30033  0.3000E-11  0.2035E-03  0.9479E-04  0.2961E-02  0.2739E-03  0.2994E-02  0.1006E-05  0.1023E-03  0.1634E-01  0.7603E-02  0.3914E-01  0.1932E-01  0.3908E-02 -0.3302E-03  0.7208E-03
F  11 0.142173E+09  0.1007E+01 0.0000E+00 0.1000E+01   4.000   8.540  0.3768E-02  0.9999E+00  0.30033  0.3000E-11  0.2066E-03  0.9625E-04  0.2943E-02  0.2770E-03  0.2990E-02  0.1006E-05  0.1022E-03  0.1613E-01  0.7635E-02  0.3919E-01  0.1935E-01  0.3934E-02 -0.3300E-03  0.7209E-03
F  11 0.142672E+09  0.1007E+01 0.0000E+00 0.1000E+01   4.000   8.534  0.3767E-02  0.9999E+00  0.30033  0.3000E-11  0.2097E-03  0.9776E-04  0.2925E-02  0.2801E-03  0.2985E-02  0.1005E-05  0.1021E-03  0.1592E-01  0.7667E-02  0.3923E-01  0.1938E-01  0.3961E-02 -0.3298E-03  0.7209E-03
F  11 0.143172E+09  0.1007E+01 0.0000E+00 0.1000E+01   4.000   8.527  0.3766E-02  0.9999E+00  0.30033  0.3000E-11  0.2130E-03  0.9932E-04  0.2908E-02  0.2832E-03  0.2981E-02  0.1005E-05  0.1020E-03  0.1571E-01  0.7698E-02  0.3928E-01  0.1941E-01  0.3988E-02 -0.3296E-03  0.7210E-03
F  11 0.143672E+09  0.1007E+01 0.0000E+00 0.1000E+01   4.000   8.521  0.3765E-02  0.9999E+00  0.30033  0.3000E-11  0.2163E-03  0.1009E-03  0.2889E-02  0.2865E-03  0.2977E-02  0.1005E-05  0.1019E-03  0.1550E-01  0.7729E-02  0.3932E-01  0.1944E-01  0.4017E-02 -0.3294E-03  0.7211E-03
F  11 0.144004E+09  0.1007E+01 0.0000E+00 0.1000E+01   4.000   8.517  0.3765E-02  0.9999E+00  0.30033  0.3000E-11  0.2186E-03  0.1020E-03  0.2877E-02  0.2886E-03  0.2974E-02  0.1005E-05  0.1019E-03  0.1536E-01  0.7750E-02  0.3935E-01  0.1946E-01  0.4036E-02 -0.3293E-03  0.7212E-03
