
          ---- Aqueous concentrations vs. grid blocks at specified times ----

   Unit: 
    - Aqueous species: Total concencentrations in mol/L     
    - Exchanged species: Concentrations in mol/L     
    - Component in dry nodes in mol/L medium
 
VARIABLES =X,        Y,       Z,  P(bar)  ,      Sg,       Sl  ,     T(C)  ,  aH2O,    pH     ,t_ca+2     ,t_mg+2     ,t_na+      ,t_k+       ,t_hco3-    ,t_so4-2    ,t_cl-      ,X_na+      ,X_k+       ,X_ca+2     ,X_mg+2     ,X_h+       ,
ZONE T= "0.000000E+00 yr"  F=POINT
      3.000      0.000     0.000  0.1012E+01  0.0000E+00  0.1000E+01   4.000  0.9963  6.7012  0.0000E+00  0.0000E+00  0.0000E+00  0.0000E+00  0.0000E+00  0.0000E+00  0.0000E+00  0.0000E+00  0.0000E+00  0.0000E+00  0.0000E+00  0.0000E+00
      6.000      0.000     0.000  0.1011E+01  0.0000E+00  0.1000E+01   4.000  0.9963  6.7012  0.0000E+00  0.0000E+00  0.0000E+00  0.0000E+00  0.0000E+00  0.0000E+00  0.0000E+00  0.0000E+00  0.0000E+00  0.0000E+00  0.0000E+00  0.0000E+00
     10.000      0.000     0.000  0.1011E+01  0.0000E+00  0.1000E+01   4.000  0.9963  6.7012  0.0000E+00  0.0000E+00  0.0000E+00  0.0000E+00  0.0000E+00  0.0000E+00  0.0000E+00  0.0000E+00  0.0000E+00  0.0000E+00  0.0000E+00  0.0000E+00
     14.000      0.000     0.000  0.1011E+01  0.0000E+00  0.1000E+01   4.000  0.9963  6.7012  0.0000E+00  0.0000E+00  0.0000E+00  0.0000E+00  0.0000E+00  0.0000E+00  0.0000E+00  0.0000E+00  0.0000E+00  0.0000E+00  0.0000E+00  0.0000E+00
     18.000      0.000     0.000  0.1010E+01  0.0000E+00  0.1000E+01   4.000  0.9963  6.7012  0.0000E+00  0.0000E+00  0.0000E+00  0.0000E+00  0.0000E+00  0.0000E+00  0.0000E+00  0.0000E+00  0.0000E+00  0.0000E+00  0.0000E+00  0.0000E+00
     22.000      0.000     0.000  0.1010E+01  0.0000E+00  0.1000E+01   4.000  0.9963  6.7012  0.0000E+00  0.0000E+00  0.0000E+00  0.0000E+00  0.0000E+00  0.0000E+00  0.0000E+00  0.0000E+00  0.0000E+00  0.0000E+00  0.0000E+00  0.0000E+00
     26.000      0.000     0.000  0.1010E+01  0.0000E+00  0.1000E+01   4.000  0.9963  6.7012  0.0000E+00  0.0000E+00  0.0000E+00  0.0000E+00  0.0000E+00  0.0000E+00  0.0000E+00  0.0000E+00  0.0000E+00  0.0000E+00  0.0000E+00  0.0000E+00
     30.000      0.000     0.000  0.1010E+01  0.0000E+00  0.1000E+01   4.000  0.9963  6.7012  0.0000E+00  0.0000E+00  0.0000E+00  0.0000E+00  0.0000E+00  0.0000E+00  0.0000E+00  0.0000E+00  0.0000E+00  0.0000E+00  0.0000E+00  0.0000E+00
     34.000      0.000     0.000  0.1010E+01  0.0000E+00  0.1000E+01   4.000  0.9963  6.7012  0.0000E+00  0.0000E+00  0.0000E+00  0.0000E+00  0.0000E+00  0.0000E+00  0.0000E+00  0.0000E+00  0.0000E+00  0.0000E+00  0.0000E+00  0.0000E+00
     38.000      0.000     0.000  0.1010E+01  0.0000E+00  0.1000E+01   4.000  0.9963  6.7012  0.0000E+00  0.0000E+00  0.0000E+00  0.0000E+00  0.0000E+00  0.0000E+00  0.0000E+00  0.0000E+00  0.0000E+00  0.0000E+00  0.0000E+00  0.0000E+00
     42.000      0.000     0.000  0.1010E+01  0.0000E+00  0.1000E+01   4.000  0.9963  6.7012  0.0000E+00  0.0000E+00  0.0000E+00  0.0000E+00  0.0000E+00  0.0000E+00  0.0000E+00  0.0000E+00  0.0000E+00  0.0000E+00  0.0000E+00  0.0000E+00
     46.000      0.000     0.000  0.1010E+01  0.0000E+00  0.1000E+01   4.000  0.9963  6.7012  0.0000E+00  0.0000E+00  0.0000E+00  0.0000E+00  0.0000E+00  0.0000E+00  0.0000E+00  0.0000E+00  0.0000E+00  0.0000E+00  0.0000E+00  0.0000E+00
     50.000      0.000     0.000  0.1010E+01  0.0000E+00  0.1000E+01   4.000  0.9963  6.7012  0.0000E+00  0.0000E+00  0.0000E+00  0.0000E+00  0.0000E+00  0.0000E+00  0.0000E+00  0.0000E+00  0.0000E+00  0.0000E+00  0.0000E+00  0.0000E+00
     54.000      0.000     0.000  0.1010E+01  0.0000E+00  0.1000E+01   4.000  0.9963  6.7012  0.0000E+00  0.0000E+00  0.0000E+00  0.0000E+00  0.0000E+00  0.0000E+00  0.0000E+00  0.0000E+00  0.0000E+00  0.0000E+00  0.0000E+00  0.0000E+00
     58.000      0.000     0.000  0.1010E+01  0.0000E+00  0.1000E+01   4.000  0.9963  6.7012  0.0000E+00  0.0000E+00  0.0000E+00  0.0000E+00  0.0000E+00  0.0000E+00  0.0000E+00  0.0000E+00  0.0000E+00  0.0000E+00  0.0000E+00  0.0000E+00
     62.000      0.000     0.000  0.1010E+01  0.0000E+00  0.1000E+01   4.000  0.9963  6.7012  0.0000E+00  0.0000E+00  0.0000E+00  0.0000E+00  0.0000E+00  0.0000E+00  0.0000E+00  0.0000E+00  0.0000E+00  0.0000E+00  0.0000E+00  0.0000E+00
     66.000      0.000     0.000  0.1010E+01  0.0000E+00  0.1000E+01   4.000  0.9963  6.7012  0.0000E+00  0.0000E+00  0.0000E+00  0.0000E+00  0.0000E+00  0.0000E+00  0.0000E+00  0.0000E+00  0.0000E+00  0.0000E+00  0.0000E+00  0.0000E+00
ZONE T= "0.100000E+06 yr"  F=POINT
      3.000      0.000     0.000  0.1016E+01  0.0000E+00  0.1000E+01   4.000  0.9966  6.7619  0.6432E-02  0.1044E-01  0.8104E-01  0.2007E-02  0.2500E-01  0.2390E-03  0.9100E-01  0.4933E-01  0.6224E-02  0.1037E-01  0.1785E-01  0.3277E-01
      6.000      0.000     0.000  0.1016E+01  0.0000E+00  0.1000E+01   4.000  0.9963  6.7309  0.6904E-02  0.1177E-01  0.8829E-01  0.2153E-02  0.2661E-01  0.2636E-03  0.1004E+00  0.5051E-01  0.6279E-02  0.9718E-02  0.1758E-01  0.3337E-01
     10.000      0.000     0.000  0.1015E+01  0.0000E+00  0.1000E+01   4.000  0.9963  6.7270  0.6974E-02  0.1196E-01  0.8921E-01  0.2172E-02  0.2680E-01  0.2669E-03  0.1017E+00  0.5063E-01  0.6283E-02  0.9645E-02  0.1756E-01  0.3344E-01
     14.000      0.000     0.000  0.1014E+01  0.0000E+00  0.1000E+01   4.000  0.9962  6.7267  0.6980E-02  0.1197E-01  0.8928E-01  0.2173E-02  0.2681E-01  0.2672E-03  0.1018E+00  0.5064E-01  0.6284E-02  0.9639E-02  0.1756E-01  0.3345E-01
     18.000      0.000     0.000  0.1014E+01  0.0000E+00  0.1000E+01   4.000  0.9962  6.7267  0.6980E-02  0.1198E-01  0.8928E-01  0.2173E-02  0.2681E-01  0.2672E-03  0.1018E+00  0.5064E-01  0.6284E-02  0.9639E-02  0.1756E-01  0.3345E-01
     22.000      0.000     0.000  0.1013E+01  0.0000E+00  0.1000E+01   4.000  0.9962  6.7267  0.6980E-02  0.1198E-01  0.8928E-01  0.2173E-02  0.2681E-01  0.2672E-03  0.1018E+00  0.5064E-01  0.6284E-02  0.9639E-02  0.1756E-01  0.3345E-01
     26.000      0.000     0.000  0.1012E+01  0.0000E+00  0.1000E+01   4.000  0.9962  6.7267  0.6980E-02  0.1198E-01  0.8928E-01  0.2173E-02  0.2681E-01  0.2672E-03  0.1018E+00  0.5064E-01  0.6284E-02  0.9639E-02  0.1756E-01  0.3345E-01
     30.000      0.000     0.000  0.1011E+01  0.0000E+00  0.1000E+01   4.000  0.9962  6.7267  0.6980E-02  0.1198E-01  0.8928E-01  0.2173E-02  0.2681E-01  0.2672E-03  0.1018E+00  0.5064E-01  0.6284E-02  0.9639E-02  0.1756E-01  0.3345E-01
     34.000      0.000     0.000  0.1010E+01  0.0000E+00  0.1000E+01   4.000  0.9962  6.7267  0.6980E-02  0.1198E-01  0.8928E-01  0.2173E-02  0.2681E-01  0.2672E-03  0.1018E+00  0.5064E-01  0.6284E-02  0.9639E-02  0.1756E-01  0.3345E-01
     38.000      0.000     0.000  0.1009E+01  0.0000E+00  0.1000E+01   4.000  0.9962  6.7267  0.6980E-02  0.1198E-01  0.8928E-01  0.2173E-02  0.2681E-01  0.2672E-03  0.1018E+00  0.5064E-01  0.6284E-02  0.9639E-02  0.1756E-01  0.3345E-01
     42.000      0.000     0.000  0.1008E+01  0.0000E+00  0.1000E+01   4.000  0.9962  6.7267  0.6980E-02  0.1198E-01  0.8928E-01  0.2173E-02  0.2681E-01  0.2672E-03  0.1018E+00  0.5064E-01  0.6284E-02  0.9639E-02  0.1756E-01  0.3345E-01
     46.000      0.000     0.000  0.1007E+01  0.0000E+00  0.1000E+01   4.000  0.9962  6.7267  0.6980E-02  0.1198E-01  0.8928E-01  0.2173E-02  0.2681E-01  0.2672E-03  0.1018E+00  0.5064E-01  0.6284E-02  0.9639E-02  0.1756E-01  0.3345E-01
     50.000      0.000     0.000  0.1007E+01  0.0000E+00  0.1000E+01   4.000  0.9962  6.7267  0.6980E-02  0.1198E-01  0.8928E-01  0.2173E-02  0.2681E-01  0.2672E-03  0.1018E+00  0.5064E-01  0.6284E-02  0.9639E-02  0.1756E-01  0.3345E-01
     54.000      0.000     0.000  0.1006E+01  0.0000E+00  0.1000E+01   4.000  0.9962  6.7267  0.6980E-02  0.1198E-01  0.8928E-01  0.2173E-02  0.2681E-01  0.2672E-03  0.1018E+00  0.5064E-01  0.6284E-02  0.9639E-02  0.1756E-01  0.3345E-01
     58.000      0.000     0.000  0.1006E+01  0.0000E+00  0.1000E+01   4.000  0.9962  6.7267  0.6980E-02  0.1198E-01  0.8928E-01  0.2173E-02  0.2681E-01  0.2672E-03  0.1018E+00  0.5064E-01  0.6284E-02  0.9639E-02  0.1756E-01  0.3345E-01
     62.000      0.000     0.000  0.1006E+01  0.0000E+00  0.1000E+01   4.000  0.9962  6.7267  0.6980E-02  0.1198E-01  0.8928E-01  0.2173E-02  0.2681E-01  0.2672E-03  0.1018E+00  0.5064E-01  0.6284E-02  0.9639E-02  0.1756E-01  0.3345E-01
     66.000      0.000     0.000  0.1006E+01  0.0000E+00  0.1000E+01   4.000  0.9962  6.7267  0.6980E-02  0.1198E-01  0.8928E-01  0.2173E-02  0.2681E-01  0.2672E-03  0.1018E+00  0.5064E-01  0.6284E-02  0.9639E-02  0.1756E-01  0.3345E-01
ZONE T= "0.100000E+07 yr"  F=POINT
      3.000      0.000     0.000  0.1016E+01  0.0000E+00  0.1000E+01   4.000  0.9981  6.9683  0.4024E-02  0.4754E-02  0.4612E-01  0.1277E-02  0.1704E-01  0.1241E-03  0.4712E-01  0.4145E-01  0.5840E-02  0.1532E-01  0.1917E-01  0.2850E-01
      6.000      0.000     0.000  0.1016E+01  0.0000E+00  0.1000E+01   4.000  0.9972  6.8366  0.5305E-02  0.7728E-02  0.6686E-01  0.1715E-02  0.2214E-01  0.1888E-03  0.7181E-01  0.4715E-01  0.6164E-02  0.1182E-01  0.1825E-01  0.3133E-01
     10.000      0.000     0.000  0.1015E+01  0.0000E+00  0.1000E+01   4.000  0.9967  6.7734  0.6143E-02  0.9851E-02  0.7926E-01  0.1967E-02  0.2494E-01  0.2301E-03  0.8761E-01  0.4945E-01  0.6256E-02  0.1045E-01  0.1778E-01  0.3261E-01
     14.000      0.000     0.000  0.1014E+01  0.0000E+00  0.1000E+01   4.000  0.9964  6.7393  0.6724E-02  0.1134E-01  0.8651E-01  0.2115E-02  0.2636E-01  0.2565E-03  0.9767E-01  0.5038E-01  0.6279E-02  0.9835E-02  0.1760E-01  0.3324E-01
     18.000      0.000     0.000  0.1014E+01  0.0000E+00  0.1000E+01   4.000  0.9963  6.7297  0.6913E-02  0.1181E-01  0.8862E-01  0.2159E-02  0.2672E-01  0.2646E-03  0.1008E+00  0.5059E-01  0.6283E-02  0.9682E-02  0.1756E-01  0.3340E-01
     22.000      0.000     0.000  0.1013E+01  0.0000E+00  0.1000E+01   4.000  0.9963  6.7273  0.6965E-02  0.1194E-01  0.8914E-01  0.2170E-02  0.2680E-01  0.2666E-03  0.1016E+00  0.5063E-01  0.6283E-02  0.9648E-02  0.1756E-01  0.3344E-01
     26.000      0.000     0.000  0.1012E+01  0.0000E+00  0.1000E+01   4.000  0.9963  6.7268  0.6977E-02  0.1197E-01  0.8925E-01  0.2173E-02  0.2681E-01  0.2671E-03  0.1017E+00  0.5064E-01  0.6284E-02  0.9641E-02  0.1756E-01  0.3344E-01
     30.000      0.000     0.000  0.1011E+01  0.0000E+00  0.1000E+01   4.000  0.9962  6.7267  0.6979E-02  0.1197E-01  0.8928E-01  0.2173E-02  0.2681E-01  0.2672E-03  0.1018E+00  0.5064E-01  0.6284E-02  0.9639E-02  0.1756E-01  0.3345E-01
     34.000      0.000     0.000  0.1010E+01  0.0000E+00  0.1000E+01   4.000  0.9962  6.7267  0.6980E-02  0.1197E-01  0.8928E-01  0.2173E-02  0.2681E-01  0.2672E-03  0.1018E+00  0.5064E-01  0.6284E-02  0.9639E-02  0.1756E-01  0.3345E-01
     38.000      0.000     0.000  0.1009E+01  0.0000E+00  0.1000E+01   4.000  0.9962  6.7267  0.6980E-02  0.1198E-01  0.8928E-01  0.2173E-02  0.2681E-01  0.2672E-03  0.1018E+00  0.5064E-01  0.6284E-02  0.9639E-02  0.1756E-01  0.3345E-01
     42.000      0.000     0.000  0.1008E+01  0.0000E+00  0.1000E+01   4.000  0.9962  6.7267  0.6980E-02  0.1198E-01  0.8928E-01  0.2173E-02  0.2681E-01  0.2672E-03  0.1018E+00  0.5064E-01  0.6284E-02  0.9639E-02  0.1756E-01  0.3345E-01
     46.000      0.000     0.000  0.1007E+01  0.0000E+00  0.1000E+01   4.000  0.9962  6.7267  0.6980E-02  0.1198E-01  0.8928E-01  0.2173E-02  0.2681E-01  0.2672E-03  0.1018E+00  0.5064E-01  0.6284E-02  0.9639E-02  0.1756E-01  0.3345E-01
     50.000      0.000     0.000  0.1007E+01  0.0000E+00  0.1000E+01   4.000  0.9962  6.7267  0.6980E-02  0.1198E-01  0.8928E-01  0.2173E-02  0.2681E-01  0.2672E-03  0.1018E+00  0.5064E-01  0.6284E-02  0.9639E-02  0.1756E-01  0.3345E-01
     54.000      0.000     0.000  0.1006E+01  0.0000E+00  0.1000E+01   4.000  0.9962  6.7267  0.6980E-02  0.1198E-01  0.8928E-01  0.2173E-02  0.2681E-01  0.2672E-03  0.1018E+00  0.5064E-01  0.6284E-02  0.9639E-02  0.1756E-01  0.3345E-01
     58.000      0.000     0.000  0.1006E+01  0.0000E+00  0.1000E+01   4.000  0.9962  6.7267  0.6980E-02  0.1198E-01  0.8928E-01  0.2173E-02  0.2681E-01  0.2672E-03  0.1018E+00  0.5064E-01  0.6284E-02  0.9639E-02  0.1756E-01  0.3345E-01
     62.000      0.000     0.000  0.1006E+01  0.0000E+00  0.1000E+01   4.000  0.9962  6.7267  0.6980E-02  0.1198E-01  0.8928E-01  0.2173E-02  0.2681E-01  0.2672E-03  0.1018E+00  0.5064E-01  0.6284E-02  0.9639E-02  0.1756E-01  0.3345E-01
     66.000      0.000     0.000  0.1006E+01  0.0000E+00  0.1000E+01   4.000  0.9962  6.7267  0.6980E-02  0.1198E-01  0.8928E-01  0.2173E-02  0.2681E-01  0.2672E-03  0.1018E+00  0.5064E-01  0.6284E-02  0.9639E-02  0.1756E-01  0.3345E-01
ZONE T= "0.100000E+08 yr"  F=POINT
      3.000      0.000     0.000  0.1016E+01  0.0000E+00  0.1000E+01   4.000  0.9997  7.5754  0.1195E-02  0.5649E-03  0.7022E-02  0.3541E-03  0.6462E-02  0.1086E-04  0.3866E-02  0.1610E-01  0.4102E-02  0.3620E-01  0.1813E-01  0.1591E-01
      6.000      0.000     0.000  0.1016E+01  0.0000E+00  0.1000E+01   4.000  0.9995  7.5061  0.1174E-02  0.7556E-03  0.1186E-01  0.4866E-03  0.8674E-02  0.1896E-04  0.6958E-02  0.2497E-01  0.5193E-02  0.2886E-01  0.1968E-01  0.1751E-01
     10.000      0.000     0.000  0.1015E+01  0.0000E+00  0.1000E+01   4.000  0.9994  7.4341  0.1250E-02  0.9328E-03  0.1607E-01  0.5881E-03  0.1055E-01  0.2676E-04  0.9939E-02  0.3086E-01  0.5735E-02  0.2486E-01  0.1965E-01  0.1915E-01
     14.000      0.000     0.000  0.1014E+01  0.0000E+00  0.1000E+01   4.000  0.9991  7.2869  0.1602E-02  0.1429E-02  0.2392E-01  0.7572E-03  0.1364E-01  0.4449E-04  0.1671E-01  0.3745E-01  0.6036E-02  0.2025E-01  0.1914E-01  0.2250E-01
     18.000      0.000     0.000  0.1014E+01  0.0000E+00  0.1000E+01   4.000  0.9987  7.1560  0.2094E-02  0.2175E-02  0.3268E-01  0.9430E-03  0.1655E-01  0.6729E-04  0.2542E-01  0.4178E-01  0.6150E-02  0.1700E-01  0.1870E-01  0.2544E-01
     22.000      0.000     0.000  0.1013E+01  0.0000E+00  0.1000E+01   4.000  0.9983  7.0480  0.2690E-02  0.3175E-02  0.4195E-01  0.1140E-02  0.1913E-01  0.9411E-04  0.3566E-01  0.4471E-01  0.6204E-02  0.1468E-01  0.1836E-01  0.2778E-01
     26.000      0.000     0.000  0.1012E+01  0.0000E+00  0.1000E+01   4.000  0.9980  6.9618  0.3351E-02  0.4387E-02  0.5119E-01  0.1337E-02  0.2131E-01  0.1232E-03  0.4676E-01  0.4672E-01  0.6234E-02  0.1304E-01  0.1809E-01  0.2955E-01
     30.000      0.000     0.000  0.1011E+01  0.0000E+00  0.1000E+01   4.000  0.9976  6.8946  0.4030E-02  0.5722E-02  0.5986E-01  0.1523E-02  0.2307E-01  0.1523E-03  0.5789E-01  0.4811E-01  0.6253E-02  0.1189E-01  0.1789E-01  0.3085E-01
     34.000      0.000     0.000  0.1010E+01  0.0000E+00  0.1000E+01   4.000  0.9973  6.8434  0.4684E-02  0.7070E-02  0.6751E-01  0.1688E-02  0.2441E-01  0.1796E-03  0.6830E-01  0.4905E-01  0.6265E-02  0.1109E-01  0.1775E-01  0.3176E-01
     38.000      0.000     0.000  0.1009E+01  0.0000E+00  0.1000E+01   4.000  0.9970  6.8051  0.5279E-02  0.8336E-02  0.7393E-01  0.1828E-02  0.2537E-01  0.2037E-03  0.7750E-01  0.4968E-01  0.6273E-02  0.1055E-01  0.1766E-01  0.3240E-01
     42.000      0.000     0.000  0.1008E+01  0.0000E+00  0.1000E+01   4.000  0.9967  6.7759  0.5812E-02  0.9489E-02  0.7925E-01  0.1946E-02  0.2604E-01  0.2246E-03  0.8549E-01  0.5011E-01  0.6278E-02  0.1017E-01  0.1761E-01  0.3284E-01
     46.000      0.000     0.000  0.1007E+01  0.0000E+00  0.1000E+01   4.000  0.9965  6.7553  0.6246E-02  0.1043E-01  0.8327E-01  0.2035E-02  0.2646E-01  0.2410E-03  0.9177E-01  0.5037E-01  0.6281E-02  0.9920E-02  0.1758E-01  0.3312E-01
     50.000      0.000     0.000  0.1007E+01  0.0000E+00  0.1000E+01   4.000  0.9964  6.7420  0.6563E-02  0.1111E-01  0.8602E-01  0.2098E-02  0.2668E-01  0.2527E-03  0.9622E-01  0.5052E-01  0.6282E-02  0.9775E-02  0.1756E-01  0.3329E-01
     54.000      0.000     0.000  0.1006E+01  0.0000E+00  0.1000E+01   4.000  0.9963  6.7340  0.6768E-02  0.1154E-01  0.8769E-01  0.2136E-02  0.2677E-01  0.2600E-03  0.9901E-01  0.5059E-01  0.6283E-02  0.9698E-02  0.1756E-01  0.3338E-01
     58.000      0.000     0.000  0.1006E+01  0.0000E+00  0.1000E+01   4.000  0.9963  6.7298  0.6885E-02  0.1178E-01  0.8859E-01  0.2157E-02  0.2681E-01  0.2640E-03  0.1006E+00  0.5063E-01  0.6283E-02  0.9662E-02  0.1756E-01  0.3342E-01
     62.000      0.000     0.000  0.1006E+01  0.0000E+00  0.1000E+01   4.000  0.9963  6.7279  0.6942E-02  0.1190E-01  0.8902E-01  0.2167E-02  0.2681E-01  0.2660E-03  0.1013E+00  0.5064E-01  0.6284E-02  0.9647E-02  0.1756E-01  0.3344E-01
     66.000      0.000     0.000  0.1006E+01  0.0000E+00  0.1000E+01   4.000  0.9963  6.7272  0.6964E-02  0.1195E-01  0.8917E-01  0.2171E-02  0.2681E-01  0.2667E-03  0.1016E+00  0.5064E-01  0.6284E-02  0.9642E-02  0.1756E-01  0.3344E-01
ZONE T= "0.100000E+09 yr"  F=POINT
      3.000      0.000     0.000  0.1016E+01  0.0000E+00  0.1000E+01   4.000  0.9999  7.6161  0.1720E-02  0.1462E-03  0.1387E-03  0.1132E-03  0.3386E-02  0.1000E-05  0.1000E-03  0.3270E-03  0.1342E-02  0.5905E-01  0.5318E-02  0.1436E-01
      6.000      0.000     0.000  0.1016E+01  0.0000E+00  0.1000E+01   4.000  0.9999  7.6536  0.1579E-02  0.2519E-03  0.1759E-03  0.1405E-03  0.3360E-02  0.1000E-05  0.1000E-03  0.4188E-03  0.1683E-02  0.5533E-01  0.9352E-02  0.1330E-01
     10.000      0.000     0.000  0.1015E+01  0.0000E+00  0.1000E+01   4.000  0.9999  7.6896  0.1454E-02  0.3406E-03  0.2146E-03  0.1668E-03  0.3335E-02  0.1000E-05  0.1001E-03  0.5163E-03  0.2018E-02  0.5203E-01  0.1291E-01  0.1236E-01
     14.000      0.000     0.000  0.1014E+01  0.0000E+00  0.1000E+01   4.000  0.9999  7.7541  0.1257E-02  0.4425E-03  0.3258E-03  0.2248E-03  0.3286E-02  0.1000E-05  0.1001E-03  0.8044E-03  0.2791E-02  0.4744E-01  0.1769E-01  0.1093E-01
     18.000      0.000     0.000  0.1014E+01  0.0000E+00  0.1000E+01   4.000  0.9999  7.8229  0.1078E-02  0.4739E-03  0.5179E-03  0.2936E-03  0.3224E-02  0.1001E-05  0.1003E-03  0.1333E-02  0.3802E-02  0.4432E-01  0.2064E-01  0.9710E-02
     22.000      0.000     0.000  0.1013E+01  0.0000E+00  0.1000E+01   4.000  0.9999  7.9038  0.9010E-03  0.4355E-03  0.8362E-03  0.3602E-03  0.3150E-02  0.1001E-05  0.1006E-03  0.2305E-02  0.4993E-02  0.4261E-01  0.2182E-01  0.8615E-02
     26.000      0.000     0.000  0.1012E+01  0.0000E+00  0.1000E+01   4.000  0.9999  8.0164  0.6986E-03  0.3438E-03  0.1334E-02  0.4013E-03  0.3071E-02  0.1003E-05  0.1012E-03  0.4124E-02  0.6238E-02  0.4173E-01  0.2176E-01  0.7437E-02
     30.000      0.000     0.000  0.1011E+01  0.0000E+00  0.1000E+01   4.000  0.9999  8.1905  0.4659E-03  0.2243E-03  0.2036E-02  0.3859E-03  0.3017E-02  0.1007E-05  0.1026E-03  0.7621E-02  0.7265E-02  0.4101E-01  0.2092E-01  0.6017E-02
     34.000      0.000     0.000  0.1010E+01  0.0000E+00  0.1000E+01   4.000  0.9999  8.4250  0.2648E-03  0.1236E-03  0.2796E-02  0.3056E-03  0.3054E-02  0.1014E-05  0.1055E-03  0.1366E-01  0.7511E-02  0.3982E-01  0.1969E-01  0.4570E-02
     38.000      0.000     0.000  0.1009E+01  0.0000E+00  0.1000E+01   4.000  0.9999  8.5924  0.1717E-03  0.7926E-04  0.3342E-02  0.2303E-03  0.3218E-02  0.1031E-05  0.1118E-03  0.1991E-01  0.6905E-02  0.3833E-01  0.1875E-01  0.3794E-02
     42.000      0.000     0.000  0.1008E+01  0.0000E+00  0.1000E+01   4.000  0.9999  8.6188  0.1495E-03  0.6985E-04  0.3771E-02  0.1969E-03  0.3529E-02  0.1067E-05  0.1254E-03  0.2376E-01  0.6245E-02  0.3711E-01  0.1838E-01  0.3787E-02
     46.000      0.000     0.000  0.1007E+01  0.0000E+00  0.1000E+01   4.000  0.9998  8.5400  0.1601E-03  0.7680E-04  0.4271E-02  0.1935E-03  0.4042E-02  0.1136E-05  0.1521E-03  0.2575E-01  0.5878E-02  0.3606E-01  0.1833E-01  0.4365E-02
     50.000      0.000     0.000  0.1007E+01  0.0000E+00  0.1000E+01   4.000  0.9998  8.4038  0.1900E-03  0.9449E-04  0.4965E-02  0.2075E-03  0.4820E-02  0.1259E-05  0.1990E-03  0.2719E-01  0.5734E-02  0.3483E-01  0.1836E-01  0.5461E-02
     54.000      0.000     0.000  0.1006E+01  0.0000E+00  0.1000E+01   4.000  0.9998  8.2500  0.2321E-03  0.1205E-03  0.5896E-02  0.2320E-03  0.5877E-02  0.1449E-05  0.2715E-03  0.2880E-01  0.5726E-02  0.3330E-01  0.1832E-01  0.7000E-02
     58.000      0.000     0.000  0.1006E+01  0.0000E+00  0.1000E+01   4.000  0.9997  8.1104  0.2775E-03  0.1505E-03  0.6995E-02  0.2610E-03  0.7118E-02  0.1697E-05  0.3664E-03  0.3070E-01  0.5801E-02  0.3159E-01  0.1817E-01  0.8750E-02
     62.000      0.000     0.000  0.1006E+01  0.0000E+00  0.1000E+01   4.000  0.9997  8.0065  0.3156E-03  0.1780E-03  0.8055E-02  0.2879E-03  0.8304E-02  0.1956E-05  0.4651E-03  0.3255E-01  0.5903E-02  0.3003E-01  0.1797E-01  0.1032E-01
     66.000      0.000     0.000  0.1006E+01  0.0000E+00  0.1000E+01   4.000  0.9997  7.9501  0.3377E-03  0.1952E-03  0.8748E-02  0.3049E-03  0.9074E-02  0.2133E-05  0.5329E-03  0.3377E-01  0.5977E-02  0.2906E-01  0.1782E-01  0.1127E-01
ZONE T= "0.144003E+09 yr"  F=POINT
      3.000      0.000     0.000  0.1016E+01  0.0000E+00  0.1000E+01   4.000  0.9999  7.5989  0.1788E-02  0.1070E-03  0.1033E-03  0.9704E-04  0.3402E-02  0.1000E-05  0.1000E-03  0.2417E-03  0.1142E-02  0.6045E-01  0.3832E-02  0.1483E-01
      6.000      0.000     0.000  0.1016E+01  0.0000E+00  0.1000E+01   4.000  0.9999  7.6217  0.1697E-02  0.1874E-03  0.1093E-03  0.1113E-03  0.3388E-02  0.1000E-05  0.1000E-03  0.2568E-03  0.1315E-02  0.5778E-01  0.6760E-02  0.1412E-01
     10.000      0.000     0.000  0.1015E+01  0.0000E+00  0.1000E+01   4.000  0.9999  7.6434  0.1614E-02  0.2591E-03  0.1157E-03  0.1253E-03  0.3375E-02  0.1000E-05  0.1000E-03  0.2728E-03  0.1486E-02  0.5535E-01  0.9414E-02  0.1348E-01
     14.000      0.000     0.000  0.1014E+01  0.0000E+00  0.1000E+01   4.000  0.9999  7.6853  0.1467E-02  0.3767E-03  0.1348E-03  0.1592E-03  0.3348E-02  0.1000E-05  0.1000E-03  0.3203E-03  0.1903E-02  0.5118E-01  0.1392E-01  0.1234E-01
     18.000      0.000     0.000  0.1014E+01  0.0000E+00  0.1000E+01   4.000  0.9999  7.7296  0.1328E-02  0.4686E-03  0.1691E-03  0.2061E-03  0.3314E-02  0.1000E-05  0.1000E-03  0.4070E-03  0.2495E-02  0.4753E-01  0.1777E-01  0.1127E-01
     22.000      0.000     0.000  0.1013E+01  0.0000E+00  0.1000E+01   4.000  0.9999  7.7733  0.1206E-02  0.5180E-03  0.2302E-03  0.2656E-03  0.3272E-02  0.1000E-05  0.1000E-03  0.5643E-03  0.3275E-02  0.4486E-01  0.2041E-01  0.1038E-01
     26.000      0.000     0.000  0.1012E+01  0.0000E+00  0.1000E+01   4.000  0.9999  7.8181  0.1096E-02  0.5225E-03  0.3368E-03  0.3340E-03  0.3216E-02  0.1000E-05  0.1000E-03  0.8493E-03  0.4237E-02  0.4320E-01  0.2183E-01  0.9622E-02
     30.000      0.000     0.000  0.1011E+01  0.0000E+00  0.1000E+01   4.000  0.9999  7.8712  0.9793E-03  0.4870E-03  0.5197E-03  0.4030E-03  0.3146E-02  0.1000E-05  0.1001E-03  0.1370E-02  0.5342E-02  0.4230E-01  0.2229E-01  0.8888E-02
     34.000      0.000     0.000  0.1010E+01  0.0000E+00  0.1000E+01   4.000  0.9999  7.9448  0.8363E-03  0.4175E-03  0.8269E-03  0.4570E-03  0.3059E-02  0.1001E-05  0.1002E-03  0.2341E-02  0.6506E-02  0.4182E-01  0.2212E-01  0.8042E-02
     38.000      0.000     0.000  0.1009E+01  0.0000E+00  0.1000E+01   4.000  0.9999  8.0595  0.6482E-03  0.3183E-03  0.1325E-02  0.4713E-03  0.2969E-02  0.1001E-05  0.1004E-03  0.4231E-02  0.7569E-02  0.4145E-01  0.2156E-01  0.6950E-02
     42.000      0.000     0.000  0.1008E+01  0.0000E+00  0.1000E+01   4.000  0.9999  8.2554  0.4117E-03  0.1966E-03  0.2078E-02  0.4124E-03  0.2912E-02  0.1002E-05  0.1009E-03  0.8240E-02  0.8222E-02  0.4078E-01  0.2064E-01  0.5480E-02
     46.000      0.000     0.000  0.1007E+01  0.0000E+00  0.1000E+01   4.000  0.9999  8.5170  0.2186E-03  0.1020E-03  0.2877E-02  0.2886E-03  0.2974E-02  0.1005E-05  0.1019E-03  0.1536E-01  0.7750E-02  0.3935E-01  0.1946E-01  0.4036E-02
     50.000      0.000     0.000  0.1007E+01  0.0000E+00  0.1000E+01   4.000  0.9999  8.6637  0.1472E-03  0.6863E-04  0.3399E-02  0.2058E-03  0.3178E-02  0.1009E-05  0.1036E-03  0.2171E-01  0.6614E-02  0.3782E-01  0.1868E-01  0.3450E-02
     54.000      0.000     0.000  0.1006E+01  0.0000E+00  0.1000E+01   4.000  0.9999  8.6629  0.1360E-03  0.6387E-04  0.3783E-02  0.1799E-03  0.3498E-02  0.1016E-05  0.1062E-03  0.2488E-01  0.5957E-02  0.3684E-01  0.1834E-01  0.3570E-02
     58.000      0.000     0.000  0.1006E+01  0.0000E+00  0.1000E+01   4.000  0.9999  8.5998  0.1433E-03  0.6773E-04  0.4165E-02  0.1798E-03  0.3906E-02  0.1025E-05  0.1097E-03  0.2653E-01  0.5770E-02  0.3613E-01  0.1810E-01  0.4012E-02
     62.000      0.000     0.000  0.1006E+01  0.0000E+00  0.1000E+01   4.000  0.9998  8.5312  0.1543E-03  0.7331E-04  0.4535E-02  0.1880E-03  0.4323E-02  0.1035E-05  0.1133E-03  0.2769E-01  0.5786E-02  0.3550E-01  0.1788E-01  0.4521E-02
     66.000      0.000     0.000  0.1006E+01  0.0000E+00  0.1000E+01   4.000  0.9998  8.4880  0.1618E-03  0.7719E-04  0.4783E-02  0.1948E-03  0.4606E-02  0.1041E-05  0.1158E-03  0.2842E-01  0.5838E-02  0.3508E-01  0.1774E-01  0.4869E-02
