    Geochemical state variables at restart time (s):
0.45442900E+16
     Concentration of primary species mol/kgw :
 0.55508680E+02 0.27154430E-07 0.17403942E-02 0.10423390E-03 0.10266137E-03 0.97033772E-04
 0.31030699E-02 0.99901023E-06 0.10000016E-03 0.48968133E-13 0.76148813E-02
 0.55508680E+02 0.25767202E-07 0.16516844E-02 0.18257594E-03 0.10870500E-03 0.11128082E-03
 0.31018381E-02 0.99890627E-06 0.10000077E-03 0.94907529E-13 0.76324501E-02
 0.55508680E+02 0.24507300E-07 0.15712393E-02 0.25246167E-03 0.11507733E-03 0.12530450E-03
 0.31003247E-02 0.99880225E-06 0.10000145E-03 0.14675462E-12 0.76356505E-02
 0.55508680E+02 0.22247513E-07 0.14280326E-02 0.36705537E-03 0.13397674E-03 0.15918339E-03
 0.30940620E-02 0.99853700E-06 0.10000377E-03 0.36553687E-12 0.76359715E-02
 0.55508680E+02 0.20082728E-07 0.12926666E-02 0.45656451E-03 0.16816745E-03 0.20607474E-03
 0.30809885E-02 0.99813833E-06 0.10000876E-03 0.84506363E-12 0.76359035E-02
 0.55508680E+02 0.18151617E-07 0.11744033E-02 0.50481985E-03 0.22886150E-03 0.26556940E-03
 0.30579826E-02 0.99756594E-06 0.10001945E-03 0.18864105E-11 0.76358043E-02
 0.55508680E+02 0.16356881E-07 0.10669884E-02 0.50926782E-03 0.33484091E-03 0.33401610E-03
 0.30222932E-02 0.99677200E-06 0.10004247E-03 0.41382707E-11 0.76356905E-02
 0.55508680E+02 0.14456807E-07 0.95392682E-03 0.47481733E-03 0.51676368E-03 0.40294529E-03
 0.29724293E-02 0.99570022E-06 0.10009198E-03 0.89969236E-11 0.76355352E-02
 0.55508680E+02 0.12181098E-07 0.81492689E-03 0.40719520E-03 0.82228660E-03 0.45697762E-03
 0.29106738E-02 0.99429517E-06 0.10019854E-03 0.19467562E-10 0.76353018E-02
 0.55508680E+02 0.93323453E-08 0.63189013E-03 0.31051003E-03 0.13177128E-02 0.47130578E-03
 0.28488479E-02 0.99255548E-06 0.10042784E-03 0.42018022E-10 0.76349496E-02
 0.55508680E+02 0.59280168E-08 0.40126871E-03 0.19183387E-03 0.20669008E-02 0.41243618E-03
 0.28193785E-02 0.99073865E-06 0.10092156E-03 0.90568433E-10 0.76344466E-02
 0.55508680E+02 0.32414217E-08 0.21293436E-03 0.99470574E-04 0.28607953E-02 0.28861007E-03
 0.28904993E-02 0.99034870E-06 0.10189177E-03 0.18597444E-09 0.76339704E-02
 0.55508680E+02 0.23149889E-08 0.14317585E-03 0.66798972E-04 0.33779351E-02 0.20582583E-03
 0.30835159E-02 0.99298861E-06 0.10360125E-03 0.35407986E-09 0.76338488E-02
 0.55508680E+02 0.23245111E-08 0.13193167E-03 0.62025141E-04 0.37573624E-02 0.17986544E-03
 0.33913739E-02 0.99840594E-06 0.10624287E-03 0.61385053E-09 0.76339897E-02
 0.55508680E+02 0.26959745E-08 0.13858167E-03 0.65570930E-04 0.41347543E-02 0.17982300E-03
 0.37881937E-02 0.10058451E-05 0.10970338E-03 0.95414854E-09 0.76342668E-02
 0.55508680E+02 0.31663736E-08 0.14875217E-03 0.70766599E-04 0.44981469E-02 0.18794758E-03
 0.41917516E-02 0.10136658E-05 0.11330380E-03 0.13082054E-08 0.76346024E-02
 0.55508680E+02 0.35034118E-08 0.15567632E-03 0.74355660E-04 0.47419444E-02 0.19480870E-03
 0.44640280E-02 0.10190552E-05 0.11577744E-03 0.15514577E-08 0.76348504E-02
     pH :
  7.598936
  7.621680
  7.643421
  7.685343
  7.729645
  7.773300
  7.818131
  7.871202
  7.944811
  8.059486
  8.255416
  8.517046
  8.663704
  8.662926
  8.599797
  8.531167
  8.488028
     Concentration of secondary species mol/kgw :
 0.72863815E-07 0.59531460E-06 0.47556320E-04 0.27492616E-05 0.24374908E-03 0.42107719E-05
 0.44721648E-09 0.53945449E-09 0.18507331E-08 0.97387393-139
 0.76775940E-07 0.63019857E-06 0.45126764E-04 0.48150145E-05 0.23123759E-03 0.44345028E-05
 0.47362317E-09 0.61876355E-09 0.20643719E-08 0.24594829-139
 0.80711257E-07 0.66691312E-06 0.42920198E-04 0.66567501E-05 0.21985618E-03 0.46588830E-05
 0.50147705E-09 0.69686514E-09 0.22966181E-08 0.97800642-140
 0.88871638E-07 0.77520703E-06 0.38962343E-04 0.96669043E-05 0.19926676E-03 0.51174714E-05
 0.58416805E-09 0.88578113E-09 0.29394516E-08 0.14287584-140
 0.98379331E-07 0.96964555E-06 0.35170939E-04 0.11990878E-04 0.17925080E-03 0.56370502E-05
 0.73400790E-09 0.11478970E-08 0.40700735E-08 0.24047404-141
 0.10871776E-06 0.13113099E-05 0.31788546E-04 0.13190014E-04 0.16099734E-03 0.61759370E-05
 0.10006553E-08 0.14818619E-08 0.60826257E-08 0.43344275-142
 0.12043153E-06 0.18995758E-05 0.28645037E-04 0.13197675E-04 0.14364632E-03 0.67499283E-05
 0.14679988E-08 0.18688324E-08 0.97607206E-08 0.80360301-143
 0.13590701E-06 0.28908406E-05 0.25316904E-04 0.12164446E-04 0.12519517E-03 0.74729533E-05
 0.22746967E-08 0.22635505E-08 0.16762963E-07 0.14817791-143
 0.16071487E-06 0.45209135E-05 0.21330935E-04 0.10289071E-04 0.10367692E-03 0.86233344E-05
 0.36402279E-08 0.25817165E-08 0.31000375E-07 0.26208452-144
 0.20878032E-06 0.71249690E-05 0.16341636E-04 0.77522425E-05 0.78119210E-04 0.10914311E-04
 0.58778506E-08 0.26828921E-08 0.63468408E-07 0.42390280-145
 0.32691980E-06 0.11120336E-04 0.10379906E-04 0.47906922E-05 0.49377161E-04 0.16826042E-04
 0.93004598E-08 0.23683073E-08 0.15511214E-06 0.57669621-146
 0.59636708E-06 0.15820266E-04 0.56755883E-05 0.25596616E-05 0.27751688E-04 0.31391090E-04
 0.12932154E-07 0.16649040E-08 0.40254771E-06 0.76868846-147
 0.83685181E-06 0.19883352E-04 0.40535195E-05 0.18257794E-05 0.21096674E-04 0.47089757E-04
 0.15245100E-07 0.11854274E-08 0.70995759E-06 0.16120220-147
 0.83731814E-06 0.24210290E-04 0.40703590E-05 0.18473649E-05 0.23188398E-04 0.52053136E-04
 0.16894635E-07 0.10320836E-08 0.86494882E-06 0.58951525-148
 0.72616598E-06 0.29584205E-04 0.47210622E-05 0.21563917E-05 0.29863529E-04 0.50708493E-04
 0.18517174E-07 0.10277286E-08 0.91664858E-06 0.31422936-148
 0.62178764E-06 0.35409570E-04 0.55450969E-05 0.25464651E-05 0.38588358E-04 0.48306350E-04
 0.20077629E-07 0.10706081E-08 0.93945772E-06 0.21598818-148
 0.56403264E-06 0.39605990E-04 0.61355501E-05 0.28287600E-05 0.45299866E-04 0.46829865E-04
 0.21126109E-07 0.11076202E-08 0.95320153E-06 0.18027459-148
     Water Activity :
  0.99990844
  0.99990828
  0.99990813
  0.99990779
  0.99990736
  0.99990683
  0.99990613
  0.99990508
  0.99990332
  0.99990016
  0.99989444
  0.99988616
  0.99987687
  0.99986553
  0.99985177
  0.99983792
  0.99982859
     Initial mineral amount mol/dm^3 :
 0.56858179455244E+01 0.49000000000000E+00
 0.56858179455244E+01 0.49000000000000E+00
 0.56858179455244E+01 0.49000000000000E+00
 0.56858179455244E+01 0.49000000000000E+00
 0.56858179455244E+01 0.49000000000000E+00
 0.56858179455244E+01 0.49000000000000E+00
 0.56858179455244E+01 0.49000000000000E+00
 0.56858179455244E+01 0.49000000000000E+00
 0.56858179455244E+01 0.49000000000000E+00
 0.56858179455244E+01 0.49000000000000E+00
 0.56858179455244E+01 0.49000000000000E+00
 0.56858179455244E+01 0.49000000000000E+00
 0.56858179455244E+01 0.49000000000000E+00
 0.56858179455244E+01 0.49000000000000E+00
 0.56858179455244E+01 0.49000000000000E+00
 0.56858179455244E+01 0.49000000000000E+00
 0.56858179455244E+01 0.49000000000000E+00
     Current mineral amount mol/dm^3 :
 0.56627632002873E+01
 0.56758275056303E+01
 0.56782039629498E+01
 0.56784357119874E+01
 0.56783784122912E+01
 0.56782985427892E+01
 0.56782082792939E+01
 0.56780869484007E+01
 0.56779070457616E+01
 0.56776382535369E+01
 0.56772581739042E+01
 0.56769026626293E+01
 0.56768144271677E+01
 0.56769194553089E+01
 0.56771243689536E+01
 0.56773730946186E+01
 0.56775572948002E+01
    CEC of ion exchange :
 0.23412000E+01 0.23412000E+01 0.23412000E+01 0.23412000E+01 0.23412000E+01 0.23412000E+01
 0.23412000E+01 0.23412000E+01 0.23412000E+01 0.23412000E+01 0.23412000E+01 0.23412000E+01
 0.23412000E+01 0.23412000E+01 0.23412000E+01 0.23412000E+01 0.23412000E+01
     Exchange amount :
 0.24167017E-03 0.11423947E-02 0.60444717E-01 0.38318738E-02 0.14826954E-01
 0.25679916E-03 0.13147450E-02 0.57776585E-01 0.67602120E-02 0.14119061E-01
 0.27279362E-03 0.14855526E-02 0.55351360E-01 0.94139930E-02 0.13475148E-01
 0.32026964E-03 0.19030953E-02 0.51178330E-01 0.13924304E-01 0.12335566E-01
 0.40702704E-03 0.24944889E-02 0.47525983E-01 0.17768189E-01 0.11274341E-01
 0.56429720E-03 0.32748186E-02 0.44860312E-01 0.20411829E-01 0.10380804E-01
 0.84926831E-03 0.42368754E-02 0.43201169E-01 0.21826725E-01 0.96222688E-02
 0.13698711E-02 0.53419833E-02 0.42296234E-01 0.22285812E-01 0.88882525E-02
 0.23408849E-02 0.65060316E-02 0.41818022E-01 0.22119473E-01 0.80422940E-02
 0.42313573E-02 0.75686862E-02 0.41446483E-01 0.21560784E-01 0.69496223E-02
 0.82395226E-02 0.82222714E-02 0.40774577E-01 0.20636657E-01 0.54799380E-02
 0.15360265E-01 0.77494910E-02 0.39349023E-01 0.19460350E-01 0.40356961E-02
 0.21706400E-01 0.66143716E-02 0.37817773E-01 0.18679146E-01 0.34495888E-02
 0.24881643E-01 0.59566383E-02 0.36841967E-01 0.18336136E-01 0.35697136E-02
 0.26530388E-01 0.57703678E-02 0.36129351E-01 0.18096439E-01 0.40118638E-02
 0.27690756E-01 0.57864079E-02 0.35503816E-01 0.17879224E-01 0.45209584E-02
 0.28415419E-01 0.58382348E-02 0.35083263E-01 0.17737304E-01 0.48694103E-02
   Residual Solute after Dryout moles/dm^3 :
 0.00000000E+00 0.00000000E+00 0.00000000E+00 0.00000000E+00 0.00000000E+00 0.00000000E+00
 0.00000000E+00 0.00000000E+00 0.00000000E+00 0.00000000E+00 0.00000000E+00
 0.00000000E+00 0.00000000E+00 0.00000000E+00 0.00000000E+00 0.00000000E+00 0.00000000E+00
 0.00000000E+00 0.00000000E+00 0.00000000E+00 0.00000000E+00 0.00000000E+00
 0.00000000E+00 0.00000000E+00 0.00000000E+00 0.00000000E+00 0.00000000E+00 0.00000000E+00
 0.00000000E+00 0.00000000E+00 0.00000000E+00 0.00000000E+00 0.00000000E+00
 0.00000000E+00 0.00000000E+00 0.00000000E+00 0.00000000E+00 0.00000000E+00 0.00000000E+00
 0.00000000E+00 0.00000000E+00 0.00000000E+00 0.00000000E+00 0.00000000E+00
 0.00000000E+00 0.00000000E+00 0.00000000E+00 0.00000000E+00 0.00000000E+00 0.00000000E+00
 0.00000000E+00 0.00000000E+00 0.00000000E+00 0.00000000E+00 0.00000000E+00
 0.00000000E+00 0.00000000E+00 0.00000000E+00 0.00000000E+00 0.00000000E+00 0.00000000E+00
 0.00000000E+00 0.00000000E+00 0.00000000E+00 0.00000000E+00 0.00000000E+00
 0.00000000E+00 0.00000000E+00 0.00000000E+00 0.00000000E+00 0.00000000E+00 0.00000000E+00
 0.00000000E+00 0.00000000E+00 0.00000000E+00 0.00000000E+00 0.00000000E+00
 0.00000000E+00 0.00000000E+00 0.00000000E+00 0.00000000E+00 0.00000000E+00 0.00000000E+00
 0.00000000E+00 0.00000000E+00 0.00000000E+00 0.00000000E+00 0.00000000E+00
 0.00000000E+00 0.00000000E+00 0.00000000E+00 0.00000000E+00 0.00000000E+00 0.00000000E+00
 0.00000000E+00 0.00000000E+00 0.00000000E+00 0.00000000E+00 0.00000000E+00
 0.00000000E+00 0.00000000E+00 0.00000000E+00 0.00000000E+00 0.00000000E+00 0.00000000E+00
 0.00000000E+00 0.00000000E+00 0.00000000E+00 0.00000000E+00 0.00000000E+00
 0.00000000E+00 0.00000000E+00 0.00000000E+00 0.00000000E+00 0.00000000E+00 0.00000000E+00
 0.00000000E+00 0.00000000E+00 0.00000000E+00 0.00000000E+00 0.00000000E+00
 0.00000000E+00 0.00000000E+00 0.00000000E+00 0.00000000E+00 0.00000000E+00 0.00000000E+00
 0.00000000E+00 0.00000000E+00 0.00000000E+00 0.00000000E+00 0.00000000E+00
 0.00000000E+00 0.00000000E+00 0.00000000E+00 0.00000000E+00 0.00000000E+00 0.00000000E+00
 0.00000000E+00 0.00000000E+00 0.00000000E+00 0.00000000E+00 0.00000000E+00
 0.00000000E+00 0.00000000E+00 0.00000000E+00 0.00000000E+00 0.00000000E+00 0.00000000E+00
 0.00000000E+00 0.00000000E+00 0.00000000E+00 0.00000000E+00 0.00000000E+00
 0.00000000E+00 0.00000000E+00 0.00000000E+00 0.00000000E+00 0.00000000E+00 0.00000000E+00
 0.00000000E+00 0.00000000E+00 0.00000000E+00 0.00000000E+00 0.00000000E+00
 0.00000000E+00 0.00000000E+00 0.00000000E+00 0.00000000E+00 0.00000000E+00 0.00000000E+00
 0.00000000E+00 0.00000000E+00 0.00000000E+00 0.00000000E+00 0.00000000E+00
 0.00000000E+00 0.00000000E+00 0.00000000E+00 0.00000000E+00 0.00000000E+00 0.00000000E+00
 0.00000000E+00 0.00000000E+00 0.00000000E+00 0.00000000E+00 0.00000000E+00
  UT   Concentration of primary species mol/L :
 0.55509568E+02 0.23949563E-03 0.17879869E-02 0.10698534E-03 0.10326109E-03 0.97036290E-04
 0.34020019E-02 0.10000173E-05 0.10000220E-03 0.48969132E-13 0.94461977E-02
 0.55509567E+02 0.22675458E-03 0.16968453E-02 0.18739473E-03 0.10933994E-03 0.11128368E-03
 0.33881525E-02 0.10000188E-05 0.10000278E-03 0.94909440E-13 0.94679822E-02
 0.55509566E+02 0.21514308E-03 0.16141917E-02 0.25912358E-03 0.11574935E-03 0.12530769E-03
 0.33751531E-02 0.10000205E-05 0.10000344E-03 0.14675754E-12 0.94719440E-02
 0.55509563E+02 0.19408351E-03 0.14670235E-02 0.37672962E-03 0.13475810E-03 0.15918738E-03
 0.33479189E-02 0.10000264E-05 0.10000572E-03 0.36554399E-12 0.94723270E-02
 0.55509561E+02 0.17353470E-03 0.13278629E-02 0.46856433E-03 0.16914513E-03 0.20607982E-03
 0.33140752E-02 0.10000393E-05 0.10001066E-03 0.84507977E-12 0.94722280E-02
 0.55509558E+02 0.15472765E-03 0.12062144E-02 0.51801956E-03 0.23018420E-03 0.26557585E-03
 0.32715130E-02 0.10000672E-05 0.10002133E-03 0.18864458E-11 0.94720916E-02
 0.55509556E+02 0.13678507E-03 0.10956535E-02 0.52247509E-03 0.33675789E-03 0.33402411E-03
 0.32165005E-02 0.10001272E-05 0.10004430E-03 0.41383467E-11 0.94719380E-02
 0.55509553E+02 0.11758612E-03 0.97926134E-03 0.48699054E-03 0.51968290E-03 0.40295480E-03
 0.31455429E-02 0.10002565E-05 0.10009378E-03 0.89970854E-11 0.94717323E-02
 0.55509551E+02 0.94875720E-04 0.83627250E-03 0.41749160E-03 0.82685667E-03 0.45698822E-03
 0.30591997E-02 0.10005347E-05 0.10020030E-03 0.19467904E-10 0.94714283E-02
 0.55509548E+02 0.66943123E-04 0.64824281E-03 0.31826770E-03 0.13249297E-02 0.47131649E-03
 0.29692143E-02 0.10011333E-05 0.10042956E-03 0.42018738E-10 0.94709753E-02
 0.55509546E+02 0.32075544E-04 0.41165540E-03 0.19662780E-03 0.20782198E-02 0.41244534E-03
 0.29120757E-02 0.10024239E-05 0.10092323E-03 0.90569926E-10 0.94703361E-02
 0.55509544E+02-0.46351501E-05 0.21861346E-03 0.10203187E-03 0.28770773E-02 0.28861637E-03
 0.29741479E-02 0.10049619E-05 0.10189340E-03 0.18597743E-09 0.94697400E-02
 0.55509543E+02-0.27538016E-04 0.14723171E-03 0.68625843E-04 0.33985977E-02 0.20583029E-03
 0.31782255E-02 0.10094352E-05 0.10360290E-03 0.35408549E-09 0.94695924E-02
 0.55509541E+02-0.30565167E-04 0.13600419E-03 0.63873523E-04 0.37825148E-02 0.17986934E-03
 0.34976640E-02 0.10163488E-05 0.10624457E-03 0.61386031E-09 0.94697683E-02
 0.55509540E+02-0.22485443E-04 0.14330503E-03 0.67728407E-04 0.41653404E-02 0.17982691E-03
 0.39062066E-02 0.10254065E-05 0.10970514E-03 0.95416383E-09 0.94701116E-02
 0.55509540E+02-0.11276254E-04 0.15429976E-03 0.73314250E-04 0.45345894E-02 0.18795169E-03
 0.43231568E-02 0.10348308E-05 0.11330564E-03 0.13082266E-08 0.94705283E-02
 0.55509540E+02-0.30437785E-05 0.16181451E-03 0.77185677E-04 0.47826027E-02 0.19481298E-03
 0.46057563E-02 0.10413059E-05 0.11577933E-03 0.15514830E-08 0.94708369E-02
