INCON -- INITIAL CONDITIONS FOR   17 ELEMENTS AT TIME  0.454429E+16
F   0           0.30000000E+00 0.30000000E-11 0.30000000E-11 0.30000000E-11
 0.1016351027760E+06 0.4000000000000E+01
F   1           0.30000000E+00 0.30000000E-11 0.30000000E-11 0.30000000E-11
 0.1015739806633E+06 0.4000000000000E+01
F   2           0.30000000E+00 0.30000000E-11 0.30000000E-11 0.30000000E-11
 0.1015373073946E+06 0.4000000000000E+01
F   3           0.30000000E+00 0.30000000E-11 0.30000000E-11 0.30000000E-11
 0.1014456242212E+06 0.4000000000000E+01
F   4           0.30000000E+00 0.30000000E-11 0.30000000E-11 0.30000000E-11
 0.1013539410437E+06 0.4000000000000E+01
F   5           0.30000000E+00 0.30000000E-11 0.30000000E-11 0.30000000E-11
 0.1012622578621E+06 0.4000000000000E+01
F   6           0.30000000E+00 0.30000000E-11 0.30000000E-11 0.30000000E-11
 0.1011705746764E+06 0.4000000000000E+01
F   7           0.30000000E+00 0.30000000E-11 0.30000000E-11 0.30000000E-11
 0.1010788914866E+06 0.4000000000000E+01
F   8           0.30000000E+00 0.30000000E-11 0.30000000E-11 0.30000000E-11
 0.1009872082927E+06 0.4000000000000E+01
F   9           0.30000000E+00 0.30000000E-11 0.30000000E-11 0.30000000E-11
 0.1008955250947E+06 0.4000000000000E+01
F  10           0.30000000E+00 0.30000000E-11 0.30000000E-11 0.30000000E-11
 0.1008153022928E+06 0.4000000000000E+01
F  11           0.30000000E+00 0.30000000E-11 0.30000000E-11 0.30000000E-11
 0.1007465398885E+06 0.4000000000000E+01
F  12           0.30000000E+00 0.30000000E-11 0.30000000E-11 0.30000000E-11
 0.1006892378830E+06 0.4000000000000E+01
F  13           0.30000000E+00 0.30000000E-11 0.30000000E-11 0.30000000E-11
 0.1006433962773E+06 0.4000000000000E+01
F  14           0.30000000E+00 0.30000000E-11 0.30000000E-11 0.30000000E-11
 0.1006090150722E+06 0.4000000000000E+01
F  15           0.30000000E+00 0.30000000E-11 0.30000000E-11 0.30000000E-11
 0.1005860942685E+06 0.4000000000000E+01
F  16           0.30000000E+00 0.30000000E-11 0.30000000E-11 0.30000000E-11
 0.1005746338665E+06 0.4000000000000E+01
+++  
      1464      2928    2 0.00000000E+00 0.45442900E+16
