6.372147254297e-11
1.151825586021e-07
2.914151195910e-07
3.864145980970e-06
-2.047350903922e-05
8.078534960987e-07
1.316084112659e-04
1.916537486863e-04
6.863579812943e-06
-5.949092279707e-04
-1.837702881858e-03
-3.067364941899e-03
-1.275237596303e-03
3.210838452446e-03
1.638133506015e-02
3.580462210181e-02
7.007620177342e-02
1.202290998169e-01
1.893091632552e-01
2.849428497814e-01
4.041785441974e-01
5.586828535186e-01
7.434909754082e-01
9.653123738739e-01
1.223655953436e+00
1.517527768498e+00
1.837728489403e+00
2.186115013881e+00
2.564166351712e+00
2.943989316499e+00
3.331214187455e+00
