1.624243850529e-09
1.395096660417e-08
1.091984245249e-07
-1.086993506760e-06
5.523878940039e-06
7.203489445828e-05
2.603098897168e-03
1.816896238518e-02
6.916292259609e-02
2.100137924320e-01
4.945295223538e-01
9.796555972791e-01
1.678770429774e+00
2.511858566315e+00
3.493087957972e+00
4.394987391105e+00
5.286488193961e+00
6.071151204810e+00
6.632465445836e+00
7.044650886241e+00
7.310099497586e+00
7.427780535304e+00
7.469702001436e+00
7.469091486808e+00
7.412592928803e+00
7.393331790755e+00
7.367896231228e+00
7.339732022073e+00
7.327273073248e+00
7.320221141367e+00
7.318060331192e+00
