-2.458534709149e-09
6.083456582928e-08
-3.752726911443e-07
-1.486245707838e-06
8.412440593020e-06
4.212341370362e-04
4.426349638322e-03
2.200871730400e-02
7.757640782125e-02
2.166247406389e-01
5.027356180231e-01
9.969997925681e-01
1.696751315033e+00
2.523421969191e+00
3.474458703214e+00
4.438079528562e+00
5.323603954088e+00
6.122655531539e+00
6.687315648975e+00
7.091053079409e+00
7.345818741371e+00
7.446661908088e+00
7.521791748965e+00
7.533619446567e+00
7.477271450520e+00
7.455400210733e+00
7.424522980571e+00
7.380375364159e+00
7.358120320789e+00
7.342863105607e+00
7.333142976289e+00
