1.224520929100e-09
6.391502438419e-08
-2.647223595886e-07
-1.436241518604e-06
4.170244835677e-06
4.539904466583e-05
3.535139675989e-03
2.222134243664e-02
8.108428415613e-02
2.234991645138e-01
5.097691726055e-01
1.001067801199e+00
1.677738449211e+00
2.540610676820e+00
3.448714057182e+00
4.381215293058e+00
5.294059477699e+00
6.005295014621e+00
6.609066839742e+00
7.027189465445e+00
7.288745786088e+00
7.438213577165e+00
7.499473370391e+00
7.477063301858e+00
7.475179854407e+00
7.445058469164e+00
7.397496084577e+00
7.376147922652e+00
7.355842047369e+00
7.338308189189e+00
7.330540161002e+00
