-1.221394541062e-09
-3.507866495056e-07
1.855254449828e-02
2.798049123860e-01
8.982486642139e-01
1.547029594193e+00
2.114367678375e+00
2.658059955328e+00
3.163122425668e+00
3.633048985751e+00
4.054527924644e+00
4.434993846986e+00
4.773876677627e+00
5.076951816384e+00
5.344518599328e+00
5.576862864016e+00
5.776041653049e+00
5.941881984746e+00
6.083381833868e+00
6.196685518188e+00
6.292045874057e+00
6.368862039741e+00
6.432163093000e+00
6.489173920363e+00
6.535547319302e+00
6.575620932573e+00
6.613213761535e+00
6.645175459520e+00
6.673948065124e+00
6.701681628326e+00
6.726602543371e+00
