2.333422344236e-10
1.696398669634e-02
8.368542027517e-02
1.307680506138e-01
1.392325202268e-01
1.511705612164e-01
1.764618045064e-01
2.156557374646e-01
2.622322679413e-01
3.113686747110e-01
3.604668848764e-01
4.092541121046e-01
4.588148580635e-01
5.109315360394e-01
5.817254418552e-01
6.643294949477e-01
7.851693322727e-01
9.405630682799e-01
1.145997660391e+00
1.415091984499e+00
1.742053660099e+00
2.138493001234e+00
2.598977763625e+00
3.081072186481e+00
3.600774929838e+00
4.158378054011e+00
4.661173370702e+00
5.154252854625e+00
5.638304524327e+00
6.032719572600e+00
6.376705003304e+00
