1.618730038899e-09
3.930648517780e-08
-1.959617748071e-07
-9.109530196838e-07
2.887035759613e-05
9.382912560341e-05
2.337111794077e-03
1.792166215682e-02
7.613534314237e-02
2.240314168864e-01
5.161585801335e-01
1.010991914164e+00
1.739471553576e+00
2.572012957917e+00
3.525551681643e+00
4.455412529359e+00
5.290391495084e+00
6.074591824819e+00
6.622522397486e+00
7.018841456279e+00
7.282006397759e+00
7.419730804609e+00
7.438907312891e+00
7.457491082463e+00
7.420988719887e+00
7.383539345249e+00
7.363992663471e+00
7.342448802510e+00
7.327523299839e+00
7.321242085671e+00
7.320231528095e+00
