1.569276264490e-09
3.091400913036e-08
6.649389661106e-08
-1.573589202053e-06
1.007054953561e-05
3.395563113600e-04
5.079707449340e-03
2.987321425508e-02
1.045438470514e-01
2.772545543190e-01
6.109381634747e-01
1.162616724010e+00
1.889025298540e+00
2.794127519136e+00
3.722726298578e+00
4.650430928112e+00
5.546090944674e+00
6.215441687835e+00
6.757120395196e+00
7.129597062847e+00
7.344336976431e+00
7.448050025120e+00
7.483038911814e+00
7.433085983494e+00
7.421614231151e+00
7.394479689663e+00
7.355138946906e+00
7.338929401300e+00
7.327071278085e+00
7.319635771122e+00
7.317350709654e+00
