1.686828454694e-09
1.160879037343e-08
1.050179321282e-07
-1.112725556141e-06
6.459855569574e-06
9.826444426153e-05
3.311050230423e-03
2.229023920495e-02
8.300237131340e-02
2.436341367318e-01
5.649118841034e-01
1.101405343744e+00
1.851155638030e+00
2.724471413044e+00
3.738710213995e+00
4.631683636878e+00
5.511243094622e+00
6.251948532369e+00
6.771036694730e+00
7.133521070370e+00
7.360022680122e+00
7.441192524314e+00
7.468281831698e+00
7.452843344851e+00
7.397779121205e+00
7.377517368770e+00
7.354321237198e+00
7.332455970880e+00
7.322888178485e+00
7.318844070914e+00
7.319075541190e+00
