2.404476617812e-11
4.006147946711e-08
-2.290843212904e-07
-8.175005632438e-07
1.040586732870e-05
3.822396149076e-04
4.259213774787e-03
2.168729232000e-02
7.754116192103e-02
2.186875644029e-01
5.092993692172e-01
9.972029849735e-01
1.695759677313e+00
2.533451884136e+00
3.465459470432e+00
4.452926748524e+00
5.323267228114e+00
6.145084082668e+00
6.718088905854e+00
7.123453935179e+00
7.380808553459e+00
7.487860870709e+00
7.523484310328e+00
7.535806669900e+00
7.490091621445e+00
7.441514253702e+00
7.411969264940e+00
7.375194939859e+00
7.346732073681e+00
7.332747598443e+00
7.325844553865e+00
