2.413571564830e-09
2.791153974613e-08
1.286466613237e-07
-2.464184774453e-06
9.554304824633e-06
1.970662900703e-04
5.315494081231e-03
3.121253661516e-02
1.072440463324e-01
2.813684402174e-01
6.168785247130e-01
1.176696475483e+00
1.901912803358e+00
2.793119989063e+00
3.743080355856e+00
4.651383144017e+00
5.568836737067e+00
6.234434073845e+00
6.762195961662e+00
7.137982969120e+00
7.356224714199e+00
7.440508522594e+00
7.485786703072e+00
7.447283452092e+00
7.415249865189e+00
7.392524264262e+00
7.359867689195e+00
7.338788487556e+00
7.327647649988e+00
7.321549492231e+00
7.319033503105e+00
