1.905789304146e-09
2.330682491447e-08
1.064742605195e-07
-1.156628911758e-06
7.769927435675e-06
9.863567413504e-05
2.793275629870e-03
1.888976205385e-02
7.106866161126e-02
2.125657446497e-01
5.006768701007e-01
9.897680127200e-01
1.686658816242e+00
2.519653089983e+00
3.502119804652e+00
4.388899914946e+00
5.280160270731e+00
6.048495376347e+00
6.608405862540e+00
7.023224459331e+00
7.287957920773e+00
7.404866683349e+00
7.457651583049e+00
7.457570006330e+00
7.410190389035e+00
7.394281681769e+00
7.370011170147e+00
7.343660077032e+00
7.331674837939e+00
7.323929930612e+00
7.320109383614e+00
