1.858040832303e-09
2.623414729896e-08
1.074973852155e-07
-1.118579746162e-06
9.757548468770e-06
3.248368950608e-04
5.275015679217e-03
3.079752371548e-02
1.071038844562e-01
2.827713268483e-01
6.207475915325e-01
1.178165845498e+00
1.906816836994e+00
2.811088168531e+00
3.744034980881e+00
4.667788259106e+00
5.566129335909e+00
6.231111282651e+00
6.765031788303e+00
7.135906970943e+00
7.349825607088e+00
7.449709127092e+00
7.486339407249e+00
7.434392396036e+00
7.422740344399e+00
7.396624746455e+00
7.357514949783e+00
7.341100747534e+00
7.329055670187e+00
7.321401628710e+00
7.318670830683e+00
