1.585249265190e-09
2.897354534070e-08
6.658626716671e-08
-1.373878603772e-06
6.074941040879e-06
2.490348672950e-04
3.730776394775e-03
2.279527511075e-02
8.259048004840e-02
2.252054975536e-01
5.084030503050e-01
9.902141974374e-01
1.656633206320e+00
2.507769205477e+00
3.404984939070e+00
4.333092704922e+00
5.247861574882e+00
5.961536015840e+00
6.571132787153e+00
6.997564769607e+00
7.265860113499e+00
7.416969392400e+00
7.481556248756e+00
7.453147651128e+00
7.451218648560e+00
7.422447254159e+00
7.373362033938e+00
7.353800029235e+00
7.336764564627e+00
7.323001436028e+00
7.318203817352e+00
