1.544606220705e-09
2.243228891530e-08
1.173554551315e-07
-3.212967726540e-06
1.299187397308e-05
3.371048925374e-04
4.910744340236e-03
2.869346966770e-02
1.002720445361e-01
2.662386909867e-01
5.881822193370e-01
1.123990354076e+00
1.837292232258e+00
2.731057824447e+00
3.659059927249e+00
4.590039451474e+00
5.498319637075e+00
6.175847129159e+00
6.726314148247e+00
7.109133251216e+00
7.333553814955e+00
7.443119219559e+00
7.483331228609e+00
7.433838724874e+00
7.423527651178e+00
7.396900711750e+00
7.356374854183e+00
7.339712706227e+00
7.327247362462e+00
7.319059384125e+00
7.316407467908e+00
