-1.051603248925e-10
-8.155796535902e-07
1.328172169224e-05
6.269615784049e-05
4.666061051296e-03
4.877398997291e-02
2.110748610821e-01
5.572670903681e-01
1.133457320257e+00
1.924635171275e+00
2.850587052210e+00
3.755551056761e+00
4.611022459067e+00
5.356694339072e+00
5.974741932800e+00
6.467919438893e+00
6.819331089290e+00
7.053853675731e+00
7.212377932154e+00
7.283595842179e+00
7.336464083988e+00
7.343080042385e+00
7.355937555978e+00
7.360030797615e+00
7.353294310535e+00
7.352023163461e+00
7.349362685739e+00
7.344610048679e+00
7.342776163025e+00
7.341753143048e+00
7.341324861286e+00
