1.551597961225e-09
2.162602186218e-08
6.214543191163e-08
-2.933455334642e-06
1.016302155676e-05
1.068927040819e-04
2.229801398187e-03
1.634078934489e-02
6.803975449645e-02
2.050937242757e-01
4.812673405312e-01
9.564049957139e-01
1.662993777874e+00
2.486075006953e+00
3.441789616595e+00
4.371369493763e+00
5.232181706366e+00
6.040222134828e+00
6.600800463073e+00
7.006816948039e+00
7.278104077788e+00
7.417489191581e+00
7.444595505736e+00
7.461767130186e+00
7.418671935917e+00
7.386095602162e+00
7.366197087430e+00
7.343535796761e+00
7.329300630831e+00
7.322723832108e+00
7.321213611637e+00
