1.624925971555e-09
2.318631686649e-08
5.326938889993e-08
-1.351985417841e-06
5.587025384557e-06
8.660507603508e-05
2.604570558049e-03
1.822344144466e-02
7.162896838105e-02
2.166414750209e-01
5.073454707863e-01
1.001735996433e+00
1.718439041885e+00
2.554839154369e+00
3.527767288759e+00
4.438982494169e+00
5.305270522261e+00
6.090082264837e+00
6.645715777654e+00
7.051767151114e+00
7.317162784544e+00
7.439559963511e+00
7.468654153602e+00
7.472762100091e+00
7.410957817315e+00
7.389697021047e+00
7.365481055196e+00
7.337659983276e+00
7.324855211396e+00
7.317976209919e+00
7.316902946464e+00
