1.592354692548e-09
2.807553300954e-08
8.450547284156e-08
-1.512625601663e-06
1.042981716637e-05
1.852126798099e-04
5.260963066291e-03
3.031722806332e-02
1.037968573654e-01
2.730042128754e-01
6.013700157762e-01
1.153739944828e+00
1.873511079602e+00
2.756054122539e+00
3.710171021766e+00
4.611132589141e+00
5.533912722630e+00
6.205818467168e+00
6.741486475399e+00
7.127847056729e+00
7.354974054165e+00
7.438872611766e+00
7.489856028447e+00
7.458932916320e+00
7.418826115975e+00
7.395865520531e+00
7.363360985342e+00
7.339052173057e+00
7.327170518077e+00
7.320738214805e+00
7.318162503170e+00
