1.529997462058e-09
2.632725681906e-08
9.377180276715e-08
-1.127274060764e-06
2.747751693732e-06
9.065845313216e-05
3.183677486163e-03
2.115151859698e-02
7.909707457873e-02
2.289507439514e-01
5.476227159729e-01
1.089211892445e+00
1.836490878520e+00
2.731679161075e+00
3.746175524390e+00
4.661462256309e+00
5.578403629318e+00
6.291382045210e+00
6.815305626931e+00
7.182155422520e+00
7.390986804138e+00
7.446045117031e+00
7.482768499248e+00
7.444539076198e+00
7.400493600773e+00
7.376655818699e+00
7.347981511325e+00
7.327436835112e+00
7.318083113907e+00
7.314836655731e+00
7.314855066942e+00
