1.576836439199e-09
2.830392986652e-08
5.534644742511e-08
-1.638070784793e-06
9.480461585554e-06
1.305850612425e-04
3.463855575887e-03
2.256122861513e-02
8.308139174142e-02
2.401029091846e-01
5.600099864706e-01
1.095138621878e+00
1.836452497761e+00
2.711362827914e+00
3.716757058152e+00
4.612579434094e+00
5.503256042325e+00
6.231223711059e+00
6.757450996186e+00
7.131316514635e+00
7.355824620565e+00
7.429492141927e+00
7.467273661059e+00
7.445682935393e+00
7.397783546775e+00
7.377926436301e+00
7.353262402378e+00
7.331985625013e+00
7.322583123516e+00
7.318449202128e+00
7.317968119674e+00
