1.603268628969e-09
3.228348077755e-08
5.811580194859e-08
-1.509019455170e-06
6.858861297587e-06
8.374689184620e-05
2.773590575657e-03
1.884425413868e-02
7.089037764212e-02
2.090406104849e-01
4.949241929784e-01
9.821963030266e-01
1.674317691337e+00
2.514235236474e+00
3.498663869011e+00
4.395606990258e+00
5.305213156484e+00
6.065882702585e+00
6.628714374853e+00
7.044660818497e+00
7.303433368570e+00
7.410036147476e+00
7.466123578605e+00
7.455429926850e+00
7.410114642938e+00
7.392193442142e+00
7.365472038972e+00
7.340185492640e+00
7.328628084914e+00
7.321680239261e+00
7.318666321944e+00
