1.599005372555e-09
3.062081077587e-08
7.292908321688e-08
-1.533846898383e-06
9.502033435638e-06
1.288949455898e-04
3.362240880108e-03
2.229190696863e-02
8.263920029003e-02
2.448272726544e-01
5.644246531754e-01
1.097925036933e+00
1.850276998657e+00
2.718842033116e+00
3.722315698363e+00
4.622771816960e+00
5.486290882583e+00
6.234858942144e+00
6.757877902619e+00
7.124421135832e+00
7.356902167279e+00
7.445759849958e+00
7.464795526701e+00
7.454477190452e+00
7.394424851288e+00
7.373454448491e+00
7.350799621987e+00
7.328417048768e+00
7.318972787815e+00
7.315514877212e+00
7.317222302353e+00
