1.679552497080e-09
4.115838692087e-08
-1.265375999537e-07
-2.094439935263e-06
2.742096353359e-05
3.639275261094e-04
4.708603123220e-03
2.834740590345e-02
1.013275608695e-01
2.721415744313e-01
6.037311761614e-01
1.149384518216e+00
1.873270829357e+00
2.778752988912e+00
3.694421846826e+00
4.628851068073e+00
5.512177400796e+00
6.184409593462e+00
6.733651529858e+00
7.105585904870e+00
7.322809229399e+00
7.438216302730e+00
7.473033303634e+00
7.434741161212e+00
7.426113757076e+00
7.397828822985e+00
7.359409760289e+00
7.343476675905e+00
7.330794104064e+00
7.322005578923e+00
7.319315371014e+00
