1.637545210542e-09
2.786299546642e-08
3.678866278278e-08
-1.277253090848e-06
9.094574920709e-06
1.227618554367e-04
5.996592942665e-03
3.393022142797e-02
1.132986447670e-01
2.940741704360e-01
6.444539002198e-01
1.220637441507e+00
1.965656428691e+00
2.840894648216e+00
3.815613823895e+00
4.685233294965e+00
5.548949704382e+00
6.246556291304e+00
6.755700750488e+00
7.120969491512e+00
7.347397874074e+00
7.432522777918e+00
7.466265848028e+00
7.458122318104e+00
7.404566043116e+00
7.386406546891e+00
7.363755984540e+00
7.340223726938e+00
7.329728667560e+00
7.324195970857e+00
7.322866949576e+00
