-9.565610525897e-10
-3.730438606908e-07
1.495318330944e-02
2.464891091424e-01
8.036515050001e-01
1.338410829111e+00
1.797439336025e+00
2.228046987405e+00
2.634063628523e+00
3.017512189828e+00
3.378923625194e+00
3.732233321807e+00
4.074209466248e+00
4.404529785286e+00
4.719001817835e+00
5.011827896885e+00
5.286073324669e+00
5.529636626809e+00
5.747633698383e+00
5.940716145217e+00
6.109172841098e+00
6.254281241250e+00
6.383310222001e+00
6.492832570229e+00
6.590380449663e+00
6.675479261572e+00
6.746880161868e+00
6.811066119828e+00
6.866930244619e+00
6.913322660744e+00
6.955363227493e+00
