1.748503564158e-09
2.582271463325e-08
4.266581754564e-08
-1.152213144451e-06
1.648906277296e-06
4.043134800895e-04
5.147735170283e-03
3.036651520131e-02
1.086094583546e-01
2.898167438605e-01
6.370349880256e-01
1.196296821300e+00
1.936176158755e+00
2.859875280783e+00
3.765891343515e+00
4.712315442880e+00
5.569922906790e+00
6.236152195884e+00
6.773786629588e+00
7.132038736346e+00
7.334074843582e+00
7.449305830052e+00
7.470042430606e+00
7.440917580073e+00
7.429290202305e+00
7.395329721474e+00
7.359473280594e+00
7.342968088289e+00
7.329297919802e+00
7.320416154420e+00
7.318353597392e+00
