1.646412783884e-09
2.253727870993e-08
8.708718723938e-08
-1.077610079392e-06
2.693296892176e-06
6.078237180418e-05
2.684537794948e-03
1.869686690787e-02
7.128335189049e-02
2.137131536512e-01
5.102275806811e-01
1.015884113506e+00
1.729722794695e+00
2.581132221758e+00
3.572595553839e+00
4.464197592030e+00
5.358656776849e+00
6.108690821697e+00
6.660402031578e+00
7.065332235564e+00
7.316209441854e+00
7.416516155813e+00
7.466546357156e+00
7.455382500021e+00
7.408383003996e+00
7.389818944920e+00
7.363440568611e+00
7.338141654210e+00
7.326418798381e+00
7.319419666168e+00
7.316524326286e+00
