-1.110834091378e-09
7.936307611089e-09
3.114053015452e-09
-2.278966917402e-07
-2.220893975391e-07
2.596203268013e-05
1.747128826196e-03
1.229056150532e-02
4.911978285952e-02
1.468778473829e-01
3.584865596614e-01
7.455712197406e-01
1.328303530737e+00
2.103641086194e+00
2.952823019615e+00
3.872168351285e+00
4.782135952007e+00
5.556771051231e+00
6.248384390240e+00
6.723010181188e+00
7.039160992238e+00
7.244306983611e+00
7.330219835305e+00
7.359393428038e+00
7.380450066765e+00
7.360027868688e+00
7.335687162471e+00
7.327481512847e+00
7.314857394084e+00
7.306562693198e+00
7.307267931580e+00
