1.646299097047e-09
9.169866643788e-09
8.279533858513e-08
-1.379141110647e-06
5.416353985765e-06
9.544632655434e-05
3.529184140575e-03
2.323062106626e-02
8.555563542842e-02
2.421688989929e-01
5.683232523725e-01
1.113870248182e+00
1.857785387443e+00
2.746342638195e+00
3.747176259571e+00
4.657772276471e+00
5.572983107301e+00
6.276341138381e+00
6.796077903371e+00
7.160741019697e+00
7.370520308375e+00
7.432383923618e+00
7.471966618948e+00
7.435774654800e+00
7.397553836602e+00
7.375668944796e+00
7.347670534119e+00
7.328353597965e+00
7.319430772183e+00
7.316035218660e+00
7.315730225348e+00
