-4.695266397903e-10
1.479571665186e-08
1.704650003376e-07
-1.971360461539e-06
2.069348056466e-06
4.587795780253e-05
2.195748435383e-03
1.648365439479e-02
6.866498280073e-02
2.089914684972e-01
4.924324070310e-01
9.782432930573e-01
1.691557633790e+00
2.517236082554e+00
3.472517853288e+00
4.386656223957e+00
5.235932319297e+00
6.022486687621e+00
6.577671860454e+00
6.984780440462e+00
7.257326757810e+00
7.395174312786e+00
7.427619275371e+00
7.444088902046e+00
7.398291512303e+00
7.371279385792e+00
7.351805304201e+00
7.328740058325e+00
7.315848210562e+00
7.309958399525e+00
7.309067610511e+00
