1.685805273155e-09
5.028016403230e-08
-1.074939177670e-07
-1.784222831702e-06
2.361014338703e-05
1.088102353606e-04
2.709816993502e-03
1.926663064359e-02
7.519373713620e-02
2.260128014411e-01
5.257156429262e-01
1.030748381069e+00
1.755521271540e+00
2.594212202368e+00
3.564529210460e+00
4.466708364344e+00
5.321703220635e+00
6.091207718068e+00
6.635576845288e+00
7.030871476201e+00
7.291233707537e+00
7.412638480758e+00
7.445527369304e+00
7.454481329255e+00
7.400581329685e+00
7.385214720169e+00
7.365540553842e+00
7.341657556196e+00
7.330881643719e+00
7.324522032016e+00
7.322560323402e+00
