1.592411535967e-09
1.358495183013e-08
1.111554865929e-07
-1.159304247267e-06
4.720000788438e-06
7.615709961328e-05
2.724304046239e-03
1.879075854811e-02
7.116481130430e-02
2.139323323129e-01
5.040263607646e-01
9.978103177994e-01
1.704328433424e+00
2.546728327885e+00
3.539120191234e+00
4.437468370932e+00
5.333298274666e+00
6.107446568817e+00
6.662225667273e+00
7.066558583329e+00
7.323178017260e+00
7.430867864585e+00
7.471950910024e+00
7.465576769570e+00
7.410269577623e+00
7.390258012886e+00
7.364185760125e+00
7.337023137263e+00
7.324988714571e+00
7.318450235728e+00
7.316629993590e+00
