6.928075890755e-10
3.145765958834e-08
-3.668924364320e-08
-5.306988555276e-07
1.002437113584e-05
1.423951173365e-04
3.119551598161e-03
2.260775731349e-02
9.645856967700e-02
2.714723801798e-01
6.068867482552e-01
1.160723813352e+00
1.957714244169e+00
2.828095453629e+00
3.782779021705e+00
4.718507660170e+00
5.503565740284e+00
6.220584757307e+00
6.731490208394e+00
7.083721715191e+00
7.306238681773e+00
7.433079050452e+00
7.443839032627e+00
7.451318720461e+00
7.422853148095e+00
7.376683363190e+00
7.358419742877e+00
7.341791679801e+00
7.329169142903e+00
7.324286606966e+00
7.324578666317e+00
