1.643456926104e-09
3.198215381417e-08
7.246944733197e-08
-1.264322520456e-06
9.761029332367e-06
1.082481908270e-04
2.813306332939e-03
1.980252284562e-02
7.977811700812e-02
2.337894206939e-01
5.363449337662e-01
1.045147000930e+00
1.785053013460e+00
2.632420633778e+00
3.605229778321e+00
4.535383115968e+00
5.383885898447e+00
6.167163270597e+00
6.709110769070e+00
7.094511280924e+00
7.345172889569e+00
7.463255033798e+00
7.471750044475e+00
7.475291071163e+00
7.421748462845e+00
7.383562424466e+00
7.359410345686e+00
7.335170126272e+00
7.321012260558e+00
7.315764840409e+00
7.317323529442e+00
