1.576495378686e-09
2.216830807811e-08
1.168289145426e-07
-1.163363094747e-06
4.239455449806e-06
1.815865040271e-04
4.549438207789e-03
2.686679463375e-02
9.436439883251e-02
2.534825157963e-01
5.685823598897e-01
1.108042533905e+00
1.821803285703e+00
2.710696232055e+00
3.664067053199e+00
4.582170380218e+00
5.514258258884e+00
6.195939339669e+00
6.743134917053e+00
7.135918692664e+00
7.366999781649e+00
7.461723541261e+00
7.508560842711e+00
7.465542205016e+00
7.430133755458e+00
7.402951366936e+00
7.364370004777e+00
7.339800412816e+00
7.326698495870e+00
7.319602739036e+00
7.316698276329e+00
