1.590649389982e-09
2.733321480264e-08
6.979706768107e-08
-1.708658373900e-06
7.969516786943e-06
1.125163948927e-04
3.225513187829e-03
2.131201477994e-02
7.902484620399e-02
2.302042570968e-01
5.400755256317e-01
1.061902060959e+00
1.790624787981e+00
2.657466783273e+00
3.659653012578e+00
4.557257916944e+00
5.454317995432e+00
6.192660970030e+00
6.729565114572e+00
7.114967535980e+00
7.347728545624e+00
7.428407269380e+00
7.469276569212e+00
7.449425361935e+00
7.400875162570e+00
7.380649343082e+00
7.354794518902e+00
7.332009870651e+00
7.321881874505e+00
7.317101851249e+00
7.316206925962e+00
