-4.499156602833e-10
2.534824261602e-08
1.603861505828e-07
-7.315557013499e-07
1.959677433661e-07
-9.429715419174e-06
-1.440960488708e-06
4.031878950173e-05
1.580842445605e-04
6.605551945995e-04
3.410941005370e-03
8.826135681829e-03
2.245716265077e-02
4.284213990587e-02
8.157620189138e-02
1.346316363800e-01
2.199269782752e-01
3.312007239539e-01
4.843917675250e-01
6.751241599417e-01
9.097692746820e-01
1.187169096870e+00
1.506798504012e+00
1.851958062606e+00
2.228350246595e+00
2.637409677080e+00
3.042867079722e+00
3.457107580751e+00
3.883247014379e+00
4.278077150558e+00
4.656352609917e+00
