1.567627805343e-09
2.754620709311e-08
8.036022336455e-08
-1.548527620798e-06
7.234828728997e-06
9.652374353664e-05
2.578416492611e-03
1.779750883236e-02
6.852874752371e-02
2.085334569276e-01
4.903078903898e-01
9.713897566796e-01
1.669646565711e+00
2.496758511497e+00
3.467652022134e+00
4.371412751397e+00
5.248116309041e+00
6.035819644383e+00
6.599858206823e+00
7.017579406166e+00
7.290065774220e+00
7.416909402797e+00
7.457696437482e+00
7.464904175936e+00
7.409167308517e+00
7.392163558118e+00
7.369325690581e+00
7.341957915597e+00
7.329651086437e+00
7.322186241368e+00
7.319385827284e+00
