1.585931386217e-09
1.644212943575e-08
6.166368393679e-08
-1.920037448144e-06
9.138833888755e-06
1.337878075560e-04
4.808410968622e-03
2.858990842407e-02
9.970365217930e-02
2.826668922829e-01
6.262194769570e-01
1.183562726792e+00
1.973828339912e+00
2.837532498065e+00
3.798833287025e+00
4.728805807254e+00
5.526269495428e+00
6.266859237991e+00
6.784218765706e+00
7.141859098873e+00
7.364742853749e+00
7.489279530076e+00
7.494223232216e+00
7.484776491770e+00
7.450084441274e+00
7.387857604416e+00
7.361573149634e+00
7.339003364284e+00
7.321518089557e+00
7.314493834171e+00
7.314818657852e+00
