1.508851710241e-09
2.326220283067e-08
9.579355264577e-08
-1.285508346882e-06
3.894678513916e-06
9.483327534099e-05
2.981664658535e-03
2.018115951915e-02
7.606274423142e-02
2.305694144122e-01
5.419483097723e-01
1.070132027040e+00
1.822762736796e+00
2.696958210156e+00
3.711360593715e+00
4.621244682106e+00
5.496326014770e+00
6.253780707668e+00
6.780821605151e+00
7.148511615582e+00
7.379850204509e+00
7.464998756392e+00
7.480347178387e+00
7.465881908474e+00
7.401863557648e+00
7.378608975878e+00
7.354486205449e+00
7.331416398129e+00
7.321168352287e+00
7.317251329910e+00
7.318756210678e+00
