1.479406819271e-09
1.291914486501e-08
9.625750863052e-09
-1.094093192933e-06
5.192241928853e-06
4.801693495438e-05
2.840856789931e-03
2.018997161878e-02
7.644509161202e-02
2.280108726106e-01
5.318352118356e-01
1.042071162678e+00
1.762181570823e+00
2.607660320719e+00
3.594389807615e+00
4.480594639368e+00
5.356862274466e+00
6.112166842168e+00
6.655069979823e+00
7.050263271454e+00
7.302542352756e+00
7.409773461344e+00
7.453033222196e+00
7.451272231594e+00
7.402180415136e+00
7.385989027500e+00
7.363316535403e+00
7.338824196980e+00
7.327759596195e+00
7.321070487302e+00
7.318324574848e+00
