1.649652858760e-09
1.348314526695e-08
1.155129325525e-07
-1.233649641108e-06
5.521644482087e-06
9.701207414992e-05
3.373952486243e-03
2.243761224156e-02
8.303654106737e-02
2.399156306116e-01
5.597067091621e-01
1.094976691075e+00
1.836789061494e+00
2.713222205296e+00
3.720579350998e+00
4.621306805346e+00
5.518900521867e+00
6.248554821282e+00
6.771172957474e+00
7.139301985083e+00
7.361405927734e+00
7.433293657703e+00
7.469774394953e+00
7.446419946756e+00
7.397445008165e+00
7.376567053062e+00
7.351079720947e+00
7.329371291725e+00
7.319873840016e+00
7.315956696115e+00
7.315818847800e+00
