-1.634248292248e-09
3.324555564177e-08
9.035278480951e-08
-3.827897216979e-07
6.072554242564e-06
-1.086615202439e-05
-9.762737971641e-05
-2.343760704662e-04
-1.866460556244e-04
1.406905110400e-03
9.035818673510e-03
2.486207437471e-02
5.663151968264e-02
1.073538479674e-01
1.887541666754e-01
3.044706061972e-01
4.649584958278e-01
6.734355095064e-01
9.357578001046e-01
1.246215228651e+00
1.603911367368e+00
2.009501681782e+00
2.437592213867e+00
2.886065629339e+00
3.362842780071e+00
3.825235324932e+00
4.269683933467e+00
4.709503900061e+00
5.106582377315e+00
5.457741536929e+00
5.774869490962e+00
