2.238493834739e-09
3.961474703829e-08
-1.240304641215e-07
-5.579677804235e-07
1.229638615996e-05
2.837442002033e-04
2.589595548670e-03
1.445201387480e-02
5.773229206665e-02
1.889674832088e-01
4.867971935640e-01
9.662811077637e-01
1.653527092406e+00
2.499220959647e+00
3.485801323880e+00
4.464675165269e+00
5.420329609003e+00
6.166575904833e+00
6.741344091394e+00
7.157340301924e+00
7.413908827749e+00
7.517355456327e+00
7.604607137464e+00
7.605137487912e+00
7.525082996293e+00
7.497694374795e+00
7.454338744285e+00
7.397066925440e+00
7.370411440422e+00
7.351435111929e+00
7.340006068604e+00
