-4.363300831756e-10
2.453833758409e-08
4.316467538956e-08
-8.562813036406e-08
-6.152059711440e-06
2.824120940659e-06
4.125440852931e-05
5.893351914210e-05
-2.894648662277e-05
-7.411740944008e-05
1.031821165668e-03
1.036564197176e-02
2.727442781213e-02
6.788173339373e-02
1.278311130965e-01
2.251313688890e-01
3.620109392606e-01
5.462782865699e-01
7.868460261255e-01
1.079767013311e+00
1.428461864392e+00
1.826175193105e+00
2.245619409545e+00
2.698308273972e+00
3.175064689450e+00
3.632390125730e+00
4.094897995606e+00
4.552838801725e+00
4.960000892558e+00
5.342532886196e+00
5.695522344119e+00
