1.658236215007e-09
3.106652002316e-08
7.983186378624e-08
-1.381843105719e-06
8.437556687113e-06
2.464514331564e-04
4.815481587002e-03
2.861926391000e-02
1.000708243322e-01
2.655527476660e-01
5.865694896028e-01
1.123941707639e+00
1.835248993056e+00
2.723755430302e+00
3.658796033994e+00
4.580632865548e+00
5.497005749738e+00
6.177266820891e+00
6.729586474927e+00
7.120098476770e+00
7.349436283266e+00
7.454600626548e+00
7.498838157411e+00
7.448233537353e+00
7.431034494194e+00
7.404342721873e+00
7.363189553451e+00
7.343790506860e+00
7.330778873542e+00
7.322664336480e+00
7.319314054833e+00
