1.543071448395e-09
2.679394128791e-08
-3.416516847210e-09
-1.143244503510e-06
9.590057629794e-06
3.839297850163e-04
3.928174270527e-03
2.071680090580e-02
7.836970606269e-02
2.191459258339e-01
5.012037276166e-01
9.738783426841e-01
1.648890347214e+00
2.507650786504e+00
3.393142782538e+00
4.372166193310e+00
5.238666564360e+00
5.987849049387e+00
6.606655553687e+00
7.019510434749e+00
7.274179924306e+00
7.427626767307e+00
7.455564989044e+00
7.463470350520e+00
7.452882108684e+00
7.403644774380e+00
7.371445849700e+00
7.349886140732e+00
7.327434287425e+00
7.315524699041e+00
7.312843418242e+00
