9.954987945093e-10
1.597396703801e-08
8.523646783942e-07
-1.351424884888e-06
-1.115262921303e-05
-2.182723505939e-06
6.175886773008e-05
1.134590051720e-03
6.478233646419e-03
2.625098597673e-02
7.691739781069e-02
1.805964759289e-01
3.657567379410e-01
6.578078130776e-01
1.049630865374e+00
1.514042890455e+00
2.062463506130e+00
2.648808267783e+00
3.248528907203e+00
3.867834137681e+00
4.425261515971e+00
4.958515587072e+00
5.426204547166e+00
5.827253045391e+00
6.169674490221e+00
6.452124615191e+00
6.675311335399e+00
6.850023290217e+00
6.998058011384e+00
7.105295202389e+00
7.181290202592e+00
