-1.543867256260e-10
3.300392108940e-06
6.642376320087e-05
4.216463085140e-02
3.056266954395e-01
9.935619680831e-01
2.001057458824e+00
3.063619315110e+00
3.898956319744e+00
4.497470308199e+00
4.979045316606e+00
5.368961614783e+00
5.705043562676e+00
6.008381644886e+00
6.277110889888e+00
6.520889973601e+00
6.729797995158e+00
6.899646045166e+00
7.033418337905e+00
7.132158428296e+00
7.202146628825e+00
7.256884626905e+00
7.290145206721e+00
7.309158054756e+00
7.325413529842e+00
7.331035677089e+00
7.331024309323e+00
7.333325779901e+00
7.332493338074e+00
7.330444844530e+00
7.330228413122e+00
