1.766920831869e-09
2.488786776667e-08
1.994616809498e-07
-1.796578089852e-06
3.383558407677e-06
8.643411871390e-05
2.888111640175e-03
1.913436581771e-02
7.193569306475e-02
2.079136400404e-01
4.992951167698e-01
1.000794703765e+00
1.698285467777e+00
2.557633331980e+00
3.532874467670e+00
4.446703849201e+00
5.385311549578e+00
6.106484904749e+00
6.671371024352e+00
7.085033952233e+00
7.336330108597e+00
7.445123877514e+00
7.503007822338e+00
7.469140917809e+00
7.439957689220e+00
7.415530022653e+00
7.377493289054e+00
7.352406405878e+00
7.337116322667e+00
7.326177130358e+00
7.320584276947e+00
