1.556372808409e-09
3.120709379800e-08
1.072134523383e-07
-1.099495250401e-06
3.678799998852e-06
8.800052785318e-05
2.806177995240e-03
1.931642169535e-02
7.425524092218e-02
2.258826108166e-01
5.312873620095e-01
1.051033257625e+00
1.798221850061e+00
2.664735770645e+00
3.669311694843e+00
4.585063364568e+00
5.455406752271e+00
6.222114728644e+00
6.754402892296e+00
7.127462798356e+00
7.366067256239e+00
7.460845859733e+00
7.475715234717e+00
7.467029075606e+00
7.402557573271e+00
7.380036932505e+00
7.356600358032e+00
7.333121744792e+00
7.322510155967e+00
7.318027377340e+00
7.319259275838e+00
