6.821210263297e-13
3.943261559891e-02
1.547797594695e-01
2.850823905337e-01
3.753448524719e-01
4.421372399130e-01
5.023930930059e-01
5.565101713257e-01
6.067020748141e-01
6.585274770265e-01
7.396863258929e-01
8.608393444106e-01
1.053151334428e+00
1.331392872993e+00
1.704108697139e+00
2.194931118950e+00
2.781214995519e+00
3.437828758387e+00
4.160411085152e+00
4.844278917203e+00
5.530642278900e+00
6.079307965899e+00
6.542216484610e+00
6.919144256159e+00
7.192240256500e+00
7.370504120335e+00
7.454833169502e+00
7.516871533793e+00
7.520499660916e+00
7.466795107464e+00
7.441792338631e+00
