1.605314992048e-09
2.700289769564e-08
9.352544338981e-08
-1.640230891553e-06
1.003785359899e-05
1.747200032582e-04
4.971917087914e-03
2.875543119063e-02
9.884201174538e-02
2.610157870213e-01
5.773697536617e-01
1.113070598007e+00
1.818142340772e+00
2.688600886422e+00
3.635074130173e+00
4.535488222350e+00
5.463191063801e+00
6.143490322061e+00
6.691685467623e+00
7.092282555917e+00
7.333406039880e+00
7.431742676416e+00
7.489550270929e+00
7.461431093492e+00
7.422620691909e+00
7.400546384812e+00
7.367509267550e+00
7.342485152604e+00
7.330045408503e+00
7.322702407861e+00
7.319459520033e+00
