1.576211161591e-09
8.925667316362e-09
2.830938683474e-08
-2.622580609568e-06
1.161563346841e-05
1.099512112432e-04
2.475070088906e-03
1.759929785106e-02
6.955993795890e-02
2.110535254375e-01
4.959083723258e-01
9.835430385364e-01
1.696919688293e+00
2.532953620060e+00
3.508173049586e+00
4.428522953652e+00
5.304031403558e+00
6.099966873457e+00
6.653201729476e+00
7.050238271366e+00
7.311754060941e+00
7.433075070656e+00
7.459971660534e+00
7.465286782762e+00
7.406637325529e+00
7.384808915490e+00
7.362469194892e+00
7.337110056786e+00
7.324984579768e+00
7.318751216371e+00
7.317982678723e+00
