-3.922195901396e-11
6.825189302617e-10
5.626412757920e-08
-5.181327082937e-07
3.230267850540e-06
8.461982201879e-05
1.068629445570e-03
1.457678032801e-02
6.392832517884e-02
1.955024369097e-01
4.792323607903e-01
9.603140156018e-01
1.697183941214e+00
2.670101827812e+00
3.730862051928e+00
4.741501589103e+00
5.749216753854e+00
6.549512345736e+00
7.167309506998e+00
7.640221584357e+00
7.917486731274e+00
8.021877818066e+00
7.976490396577e+00
7.925751930750e+00
7.794134438660e+00
7.628126382222e+00
7.525242032229e+00
7.425908250700e+00
7.348310526913e+00
7.305937187020e+00
7.287550252828e+00
