-1.822058948164e-09
-7.892852518694e-04
-1.681726101310e-03
8.370354758938e-03
1.293787483343e-02
1.061253061988e-02
1.245920115360e-02
1.819783525599e-02
2.471463533055e-02
3.142539622445e-02
3.805604057038e-02
4.717373198469e-02
5.885257409261e-02
8.210094810306e-02
1.160099556943e-01
1.764541685674e-01
2.670094822010e-01
4.213496788693e-01
6.396636002771e-01
9.449188797445e-01
1.327584491239e+00
1.776936816595e+00
2.278600359109e+00
2.842894910220e+00
3.436754657707e+00
4.015853380017e+00
4.612011707155e+00
5.183453424539e+00
5.674175621050e+00
6.124381315386e+00
6.514146768098e+00
