-3.036745965801e-09
6.920242867636e-08
-1.745390818542e-07
-9.740936093294e-07
7.771583454996e-06
4.895837315075e-04
5.368738806794e-03
2.652064178000e-02
9.313490268460e-02
2.619591633350e-01
5.949823270909e-01
1.129272641786e+00
1.873499371496e+00
2.757802397640e+00
3.694617944876e+00
4.691662265784e+00
5.517337462875e+00
6.272706270186e+00
6.811494486656e+00
7.173258303176e+00
7.398152316360e+00
7.498309186706e+00
7.509430568441e+00
7.519617731030e+00
7.483673849889e+00
7.429838384849e+00
7.403281396768e+00
7.373092083383e+00
7.346269799102e+00
7.334010270274e+00
7.328652030946e+00
