1.614466782485e-09
2.822201849995e-08
3.469926923572e-08
-1.201841257625e-06
1.200369661092e-05
1.752284169356e-04
5.678836158154e-03
3.128457265666e-02
1.032709218973e-01
2.716169594916e-01
6.100854554336e-01
1.154383902967e+00
1.896937598472e+00
2.748698137294e+00
3.728909113406e+00
4.613821890761e+00
5.452901361072e+00
6.212244844621e+00
6.738443564414e+00
7.114059630042e+00
7.360243343602e+00
7.477424835564e+00
7.482761548879e+00
7.488167612769e+00
7.438484937626e+00
7.391136893436e+00
7.365838881603e+00
7.340964852353e+00
7.324407424354e+00
7.318111137592e+00
7.318939072252e+00
