1.592809439899e-09
2.715381697271e-08
7.475739494112e-08
-1.626592279536e-06
9.989528280130e-06
2.458674000536e-04
5.274526588664e-03
3.068070827590e-02
1.058369765210e-01
2.788873166533e-01
6.135607443277e-01
1.173103748489e+00
1.898721023213e+00
2.793823297954e+00
3.740193278587e+00
4.650631419743e+00
5.562361445879e+00
6.228915077130e+00
6.760589468723e+00
7.137285351911e+00
7.354486203043e+00
7.441862812693e+00
7.484745578851e+00
7.441228750207e+00
7.414003433423e+00
7.390793323376e+00
7.357033211677e+00
7.337440442086e+00
7.326580195515e+00
7.320716580779e+00
7.318432564140e+00
