1.434841578885e-09
2.239693230877e-08
-4.753803750646e-08
-2.440730611397e-06
2.664871260549e-05
1.353447977408e-04
2.890890440767e-03
1.925816466934e-02
7.196806989566e-02
2.113120120957e-01
5.026877855421e-01
9.984571487440e-01
1.696287721816e+00
2.542367863725e+00
3.524181575964e+00
4.422639002449e+00
5.334719281261e+00
6.083899451555e+00
6.646086827104e+00
7.061910488805e+00
7.319658297592e+00
7.425321443791e+00
7.486429298827e+00
7.471367870077e+00
7.428989194050e+00
7.408570238829e+00
7.377420097628e+00
7.349657603231e+00
7.335570479704e+00
7.326009558447e+00
7.320841606547e+00
