1.585306108609e-09
2.417698397039e-08
9.060511274583e-08
-1.592624471414e-06
1.038630745143e-05
1.324919566059e-04
3.189227324754e-03
2.150292191016e-02
8.347873586649e-02
2.448888454452e-01
5.614320335617e-01
1.090698252946e+00
1.848649441873e+00
2.710257399133e+00
3.695570009721e+00
4.611248854603e+00
5.453009054083e+00
6.210523617519e+00
6.736221534924e+00
7.105939165673e+00
7.345251983935e+00
7.450488713131e+00
7.461170572819e+00
7.461213934858e+00
7.404346565113e+00
7.377109446627e+00
7.355015060668e+00
7.332212333414e+00
7.321084822953e+00
7.317073277170e+00
7.319292073031e+00
