9.242739906767e-10
5.875006152110e-04
2.136629544154e-01
9.746167508717e-01
1.599419559444e+00
2.045832172370e+00
2.417514274834e+00
2.787041395139e+00
3.175303679407e+00
3.581706173011e+00
3.995891182636e+00
4.394957958877e+00
4.770929953655e+00
5.116462720095e+00
5.425918807161e+00
5.701002168623e+00
5.937529640270e+00
6.138922868280e+00
6.312477353266e+00
6.455093068039e+00
6.578508380198e+00
6.678425185743e+00
6.764471951531e+00
6.836903055461e+00
6.893987594123e+00
6.943719328133e+00
6.985037324438e+00
7.016361957838e+00
7.044512630858e+00
7.068584271418e+00
7.087229316015e+00
