1.499017798778e-09
1.085766143660e-09
1.201493660119e-08
-2.658429366420e-06
6.427601363157e-06
1.307055495658e-04
3.458364661242e-03
2.388222478697e-02
9.348942684306e-02
2.683785353046e-01
6.047475092414e-01
1.157553188404e+00
1.939685080634e+00
2.807646837028e+00
3.783194415390e+00
4.694995056584e+00
5.508990244135e+00
6.243052367385e+00
6.749328164769e+00
7.099614143606e+00
7.328335466528e+00
7.437551302822e+00
7.447814924268e+00
7.454302374753e+00
7.408989370301e+00
7.378445670845e+00
7.358555375882e+00
7.337724260392e+00
7.325637940980e+00
7.320777015201e+00
7.321352015823e+00
