1.541650362924e-09
1.127682480728e-08
7.902480092525e-08
-1.103048248297e-06
6.057356301881e-06
1.664775525114e-04
5.258418462176e-03
3.093605268117e-02
1.066019956365e-01
2.812878929826e-01
6.212378552653e-01
1.192897489149e+00
1.931558193744e+00
2.834608880470e+00
3.800734588515e+00
4.712186545870e+00
5.635614250728e+00
6.294538027927e+00
6.807137333672e+00
7.167968327410e+00
7.373854091239e+00
7.441313621478e+00
7.481742874227e+00
7.444398050257e+00
7.406567159661e+00
7.383875745025e+00
7.353680894554e+00
7.332864104773e+00
7.322882233127e+00
7.318443680463e+00
7.317219519660e+00
