1.583089215274e-09
1.618803935344e-08
1.038093273564e-07
-1.152064669441e-06
5.204250612678e-06
8.293009926774e-05
2.831077424844e-03
1.922959889339e-02
7.227522412103e-02
2.141844548808e-01
5.053836534598e-01
1.000257195389e+00
1.702727367885e+00
2.546512567619e+00
3.537034123974e+00
4.434377576340e+00
5.340190220722e+00
6.104673182861e+00
6.659785332998e+00
7.065347063183e+00
7.319200117209e+00
7.422358515343e+00
7.470316987321e+00
7.459493842335e+00
7.409137652784e+00
7.389618969094e+00
7.362783707829e+00
7.336645928061e+00
7.324952465776e+00
7.318458176913e+00
7.316292056255e+00
