3.926913905161e-09
-3.448406692996e-05
7.034817085412e-03
8.220236300843e-02
3.485551419789e-01
9.220451701825e-01
1.702062942429e+00
2.510189598280e+00
3.198024122512e+00
3.722114215877e+00
4.180388542016e+00
4.585857596838e+00
4.936059399082e+00
5.251926904544e+00
5.524730656656e+00
5.765110428292e+00
5.970955339142e+00
6.146062953201e+00
6.292535479114e+00
6.412372024721e+00
6.512628526985e+00
6.591164043910e+00
6.659982607962e+00
6.714060655380e+00
6.754856742444e+00
6.793318636854e+00
6.823508458355e+00
6.846440325041e+00
6.869726099029e+00
6.889237237678e+00
6.905435093442e+00
