1.597641130502e-09
8.798565431789e-09
4.992102731194e-08
-2.829737240972e-06
2.591895110982e-06
9.043595599678e-05
3.059139348579e-03
2.069512741724e-02
7.702676933707e-02
2.282049436796e-01
5.307372343334e-01
1.038588180214e+00
1.755684892197e+00
2.597520466935e+00
3.579907051008e+00
4.467197324804e+00
5.345513864837e+00
6.104037918391e+00
6.646753888022e+00
7.040847800486e+00
7.294696398698e+00
7.404589029175e+00
7.449444913648e+00
7.449907372979e+00
7.402160406152e+00
7.386927473070e+00
7.364877631129e+00
7.340514345164e+00
7.329494097611e+00
7.322604212920e+00
7.319503265238e+00
