1.579223862791e-09
3.073358811889e-08
8.577671906096e-08
-1.725743345560e-06
1.022034996367e-05
2.610987532989e-04
5.116720577917e-03
2.985712636126e-02
1.033388834497e-01
2.728653505636e-01
6.012402466788e-01
1.150982173235e+00
1.869578490128e+00
2.760995679200e+00
3.702106169713e+00
4.616092842680e+00
5.529419838935e+00
6.201451062122e+00
6.741696637475e+00
7.124949763281e+00
7.348022093045e+00
7.443530960762e+00
7.487572361550e+00
7.441638775307e+00
7.418098677516e+00
7.393737755608e+00
7.357282275571e+00
7.337696339206e+00
7.326213086833e+00
7.319739757698e+00
7.317284186994e+00
