-8.267875273305e-10
-4.880637982296e-04
1.752475732701e-03
4.915635203588e-03
5.449360598845e-03
4.047009617750e-03
3.614322916519e-03
3.267062563509e-03
3.096223127216e-03
3.389120781378e-03
4.307546848281e-03
6.497487423928e-03
1.095482177635e-02
2.432498079872e-02
4.528578884475e-02
9.494712381598e-02
1.654067119616e-01
2.930326867502e-01
4.659446442421e-01
7.158138542155e-01
1.037957214561e+00
1.428258042372e+00
1.886619654164e+00
2.413263829614e+00
2.955919843720e+00
3.520183406238e+00
4.117096592859e+00
4.670426351095e+00
5.188333616833e+00
5.686922454744e+00
6.110959939022e+00
