2.175625013479e-09
3.419074801059e-09
1.566977516632e-07
-2.986739389144e-06
1.302120892888e-05
1.138142615673e-04
9.177094383404e-04
6.203755243007e-03
2.740690244207e-02
8.819564205322e-02
2.339548319665e-01
5.178860016907e-01
9.375032767689e-01
1.509344245083e+00
2.211260159136e+00
2.991021105122e+00
3.845162221458e+00
4.634409666952e+00
5.398677613535e+00
5.987842071791e+00
6.459174889205e+00
6.820092645729e+00
7.067910781323e+00
7.206549779632e+00
7.322305501082e+00
7.370747150629e+00
7.355959177866e+00
7.367846585325e+00
7.360120353799e+00
7.334442175828e+00
7.327388453899e+00
