-1.828482254496e-09
-1.009522065942e-08
3.155867034366e-07
-6.574362032552e-07
1.796092192308e-06
2.131068242761e-06
-8.088519166449e-06
-1.065388852339e-05
4.602760981243e-05
1.939328245157e-04
1.088179355577e-03
3.553865194533e-03
9.703968529550e-03
2.562186369050e-02
5.527667157946e-02
1.147247828951e-01
2.254033949338e-01
4.090828489205e-01
6.566134835073e-01
9.830666118593e-01
1.393969958630e+00
1.882385959314e+00
2.426212697884e+00
3.017343826554e+00
3.665953207844e+00
4.305567775977e+00
4.911807120266e+00
5.515269847265e+00
6.049684943684e+00
6.490746105885e+00
6.868958932457e+00
