1.619696377020e-09
3.875186393998e-08
2.114609287673e-08
-1.227461211784e-06
2.501788060272e-06
1.524427347022e-05
2.681782560558e-03
1.964982559758e-02
7.534513520329e-02
2.226275962075e-01
5.261517607375e-01
1.037473797654e+00
1.750946213543e+00
2.601369762322e+00
3.584196996113e+00
4.471738508195e+00
5.363212332012e+00
6.101120580062e+00
6.648312722973e+00
7.050053980308e+00
7.299027581496e+00
7.398857995774e+00
7.455344306090e+00
7.445860215453e+00
7.406074817661e+00
7.390161962667e+00
7.365105556153e+00
7.341516791917e+00
7.330020859580e+00
7.322251221992e+00
7.318235530528e+00
