1.496800905443e-09
2.982875457747e-08
8.284905561595e-08
-8.594498126513e-07
5.103110538585e-06
1.819842081545e-04
4.806012241261e-03
2.811780171191e-02
9.803467071777e-02
2.619815431265e-01
5.853275004562e-01
1.137047443219e+00
1.861675455037e+00
2.758795654581e+00
3.720648507300e+00
4.638147937831e+00
5.569352405855e+00
6.245439850447e+00
6.782896750658e+00
7.165334825162e+00
7.385216460329e+00
7.465832883026e+00
7.506965317056e+00
7.462172846948e+00
7.422069594555e+00
7.394870970031e+00
7.358744103190e+00
7.334958556422e+00
7.323092203298e+00
7.317668997887e+00
7.315938796317e+00
