1.665398485784e-09
4.371395334601e-08
-5.858464646735e-08
-9.769643725122e-07
1.116849915661e-05
1.312853024160e-04
3.573271324342e-03
2.361477242636e-02
8.697055193829e-02
2.554917564586e-01
5.835202123064e-01
1.126222338044e+00
1.886104159413e+00
2.755316730851e+00
3.753608263514e+00
4.646755256693e+00
5.498041485217e+00
6.235756697362e+00
6.753108165033e+00
7.116277687711e+00
7.350475746350e+00
7.444979409860e+00
7.469863423021e+00
7.465419662839e+00
7.410992014718e+00
7.392642980955e+00
7.371043604499e+00
7.348165472394e+00
7.337556365600e+00
7.331817279276e+00
7.330433000907e+00
