3.208242560504e-10
1.401360805175e-09
3.719556502801e-07
-7.623197006978e-07
-1.623016430585e-06
2.127257170059e-05
2.428390724276e-04
1.788305867080e-03
8.777498186248e-03
4.101998796472e-02
1.403925252903e-01
3.364995899432e-01
6.718925079626e-01
1.170557845978e+00
1.859847333292e+00
2.699465898940e+00
3.684000272743e+00
4.668823203995e+00
5.665382732842e+00
6.430146788660e+00
7.040293922626e+00
7.496336446629e+00
7.800289448004e+00
7.951153844259e+00
7.948925021059e+00
7.941685572171e+00
7.856015986583e+00
7.691577170999e+00
7.598263641722e+00
7.501757534577e+00
7.401715607160e+00
