3.495870259940e-11
6.566380989170e-06
2.151129670517e-02
3.578877544422e-01
1.285760077471e+00
2.515950322607e+00
3.536072791460e+00
4.271738459140e+00
4.794815109652e+00
5.215656210109e+00
5.599854284913e+00
5.957264433977e+00
6.283700733611e+00
6.564771156758e+00
6.794614564908e+00
6.976648204445e+00
7.109451115003e+00
7.200568082713e+00
7.264971706130e+00
7.299573264613e+00
7.323969386171e+00
7.330962819796e+00
7.339834586216e+00
7.343250239623e+00
7.341629982111e+00
7.342245571110e+00
7.341324247620e+00
7.339057853146e+00
7.338766278048e+00
7.338727085025e+00
7.338944037016e+00
