1.530906956759e-09
1.765988599800e-08
9.255705890610e-08
-9.804057867768e-07
3.816612604624e-06
7.562324179844e-05
3.194342631389e-03
2.188841957667e-02
8.211442777565e-02
2.407234796875e-01
5.629456803391e-01
1.103608880487e+00
1.856583667994e+00
2.737576341251e+00
3.754720357980e+00
4.651885786047e+00
5.537835793495e+00
6.269015310260e+00
6.783064048535e+00
7.140473554487e+00
7.360530414862e+00
7.434136253859e+00
7.464128287882e+00
7.445001497401e+00
7.393545656970e+00
7.373762462830e+00
7.350666341042e+00
7.329985078363e+00
7.321128461221e+00
7.317700448551e+00
7.318162259125e+00
