1.842465735535e-09
2.402936161161e-08
9.467441941524e-08
-1.338778588433e-06
8.452040049178e-06
3.172670597564e-04
5.073761197764e-03
2.995851233209e-02
1.049322887920e-01
2.782693905662e-01
6.127391123000e-01
1.165065251538e+00
1.890792504543e+00
2.793980433467e+00
3.723574051022e+00
4.650568072235e+00
5.548559464315e+00
6.217445312818e+00
6.757644478802e+00
7.131296026840e+00
7.347729755421e+00
7.451774947635e+00
7.488144643304e+00
7.437699261367e+00
7.425983968661e+00
7.398563416813e+00
7.358213416900e+00
7.341287394812e+00
7.328710200957e+00
7.320553079221e+00
7.317749075578e+00
