1.520163550595e-09
2.077081262541e-08
8.157661568475e-08
-8.784649594418e-07
2.915325183039e-06
8.660115526027e-05
2.634828660348e-03
1.773823150319e-02
6.717117610151e-02
2.044484294087e-01
4.888261318325e-01
9.795552904503e-01
1.687949752992e+00
2.537922465120e+00
3.543339058238e+00
4.448485005772e+00
5.351175882944e+00
6.129867251614e+00
6.689003814791e+00
7.096407582022e+00
7.350146587769e+00
7.451083762685e+00
7.486308180643e+00
7.474136769301e+00
7.413955884129e+00
7.390917386983e+00
7.362950956139e+00
7.335013521809e+00
7.322503606732e+00
7.316206976024e+00
7.315085414499e+00
