1.567912022438e-09
1.769154778231e-08
1.052060270013e-07
-3.364085387147e-06
1.238053062025e-05
1.338347084356e-04
3.275182129187e-03
2.140929501581e-02
7.890243646369e-02
2.269352022011e-01
5.333022429546e-01
1.049657662991e+00
1.767724752392e+00
2.630665452108e+00
3.622534497999e+00
4.528024476061e+00
5.443584063155e+00
6.177532371832e+00
6.716561944475e+00
7.103144984360e+00
7.335871922066e+00
7.415482765021e+00
7.465264701107e+00
7.442310396334e+00
7.400409886815e+00
7.380905719167e+00
7.354120743921e+00
7.332307161559e+00
7.322322115762e+00
7.317297331816e+00
7.315902212171e+00
