-2.146862243535e-09
4.945775344822e-09
2.372825520069e-06
2.450210956795e-06
6.037981336249e-06
-1.076443282955e-05
3.089459312378e-05
8.737630798805e-05
1.378329551471e-04
3.676015673989e-03
1.164809162702e-02
4.155760671017e-02
9.049778567652e-02
1.985314246285e-01
3.590065474654e-01
6.214740975713e-01
9.756494930195e-01
1.451251552950e+00
2.021350653306e+00
2.644750782682e+00
3.338029074563e+00
4.057746022348e+00
4.715008397679e+00
5.367243098529e+00
5.970786515814e+00
6.436286824966e+00
6.821467186769e+00
7.123688952632e+00
7.337552475781e+00
7.466546041770e+00
7.530386617589e+00
