1.588148279552e-09
2.028070866800e-08
6.799103857702e-08
-9.445010960007e-07
3.300754315205e-06
6.098581496872e-05
2.920312094147e-03
2.057728574613e-02
7.835230356176e-02
2.338681070008e-01
5.494635779181e-01
1.081965038802e+00
1.831072175985e+00
2.707436018996e+00
3.728144505434e+00
4.625975991511e+00
5.512031083325e+00
6.256592738241e+00
6.776850938670e+00
7.138881496143e+00
7.364744492731e+00
7.444409704514e+00
7.470832011491e+00
7.454385983545e+00
7.398879776520e+00
7.378214242420e+00
7.354727407755e+00
7.332762901121e+00
7.323106835371e+00
7.319054430363e+00
7.319301541959e+00
