1.531930138299e-09
1.548625050418e-08
7.116659617168e-08
-1.144655925600e-06
3.686201182518e-06
5.463528873406e-05
2.764026396960e-03
2.026627434316e-02
8.091841073212e-02
2.424162556244e-01
5.619489329082e-01
1.098702027049e+00
1.866872911584e+00
2.739409175380e+00
3.737230979018e+00
4.656224297563e+00
5.504112272693e+00
6.258875082848e+00
6.774656744866e+00
7.128311841196e+00
7.357453439979e+00
7.454156798128e+00
7.462623927709e+00
7.459771118472e+00
7.401342269100e+00
7.377095207179e+00
7.355234667360e+00
7.332814958082e+00
7.322306570586e+00
7.318269256780e+00
7.320270561551e+00
