1.612704636500e-09
1.273826910619e-08
9.727295946504e-08
-1.112882841880e-06
4.598332736805e-06
8.112296461604e-05
5.009503367830e-03
2.961684267814e-02
1.018865650025e-01
2.696121233992e-01
5.987687035380e-01
1.157684339437e+00
1.888448574324e+00
2.775174142159e+00
3.753602565197e+00
4.657518166096e+00
5.575429264491e+00
6.272694718593e+00
6.796456212867e+00
7.170225956599e+00
7.390910250333e+00
7.460259654334e+00
7.499830626799e+00
7.472441659355e+00
7.416739933101e+00
7.391930327466e+00
7.361903363180e+00
7.335870153726e+00
7.324241241248e+00
7.319144517837e+00
7.318397017013e+00
