1.907494606712e-09
2.594015313662e-08
1.053904270520e-07
-1.279852824609e-06
8.533714776604e-06
1.069992419502e-04
2.717785957486e-03
1.849937210704e-02
7.125102713837e-02
2.141053453215e-01
4.991826968447e-01
9.829556953713e-01
1.683990755020e+00
2.509512208459e+00
3.474867321921e+00
4.381568129784e+00
5.254501077819e+00
6.045521058069e+00
6.608198987355e+00
7.023211973696e+00
7.295781395554e+00
7.424304429048e+00
7.461673601593e+00
7.469618055479e+00
7.411453072750e+00
7.393368832272e+00
7.370122994530e+00
7.342094840642e+00
7.329529910786e+00
7.322180018391e+00
7.319978966131e+00
