1.520959358459e-09
2.764880946415e-08
8.890964409147e-08
-9.672828014118e-07
3.293051861419e-06
9.696802914050e-05
3.224363492336e-03
2.127151850215e-02
7.926093062730e-02
2.293050086625e-01
5.467571791174e-01
1.085888574234e+00
1.831765717120e+00
2.724884610517e+00
3.740701561343e+00
4.656053937936e+00
5.572882579369e+00
6.291810981604e+00
6.818221359159e+00
7.187295413976e+00
7.397847298192e+00
7.451588216560e+00
7.487796788890e+00
7.449015479211e+00
7.401158155677e+00
7.375948111350e+00
7.346388890603e+00
7.324735712649e+00
7.315096530698e+00
7.312031815476e+00
7.312500104406e+00
