1.673072347330e-09
2.182423486374e-08
5.624639243251e-08
-1.177554509013e-06
6.218267515123e-06
1.354834792551e-04
1.723115313325e-03
2.040808756607e-02
8.792247154452e-02
2.464276888487e-01
5.581793858278e-01
1.092009744145e+00
1.856303918076e+00
2.760747061146e+00
3.691085503845e+00
4.679606996637e+00
5.467095327606e+00
6.159013734482e+00
6.725909523335e+00
7.102366953591e+00
7.326474365655e+00
7.461245983343e+00
7.504787015543e+00
7.462290188657e+00
7.445027507003e+00
7.398310337512e+00
7.355086164230e+00
7.335219372797e+00
7.322011655557e+00
7.314850756241e+00
7.313426677562e+00
