1.663522652962e-09
1.449859610148e-08
8.537335816072e-08
-1.153276173227e-06
3.461446738129e-06
6.121396717162e-05
3.038437084967e-03
2.155409556792e-02
8.206171290561e-02
2.461231673126e-01
5.731553137611e-01
1.120817124125e+00
1.890000720939e+00
2.773393912222e+00
3.791049607166e+00
4.692296068848e+00
5.557456374054e+00
6.295293670990e+00
6.803056176914e+00
7.149412476379e+00
7.369321960029e+00
7.447609777382e+00
7.464081100002e+00
7.450956208621e+00
7.393554890045e+00
7.373110445477e+00
7.351321151792e+00
7.330502196829e+00
7.321589336847e+00
7.318392245441e+00
7.319861890225e+00
