1.578939645697e-09
1.509306457592e-08
1.113068037739e-07
-1.206548063237e-06
6.165029844851e-06
2.405208114169e-04
4.279569871017e-03
2.580139235545e-02
9.166254382865e-02
2.464222754627e-01
5.503323980017e-01
1.063550297138e+00
1.756589805708e+00
2.631426566890e+00
3.552845996350e+00
4.478900148740e+00
5.397060482393e+00
6.089867703345e+00
6.662789203755e+00
7.067740361599e+00
7.311711901725e+00
7.434932027298e+00
7.487535976010e+00
7.442773125436e+00
7.435458101495e+00
7.409147337242e+00
7.364605348006e+00
7.346655274768e+00
7.332632569817e+00
7.322575881094e+00
7.318751117527e+00
