1.570469976286e-09
2.409814214843e-08
7.677260782657e-08
-1.767355058746e-06
7.012956416474e-06
1.027186306715e-04
2.769337464940e-03
1.867578723727e-02
7.031257491576e-02
2.108686686526e-01
4.976838245348e-01
9.864736973519e-01
1.686025847034e+00
2.524700985880e+00
3.515718766026e+00
4.408321112277e+00
5.302962641283e+00
6.075095712944e+00
6.636887733768e+00
7.052101012281e+00
7.313264751079e+00
7.423746752397e+00
7.469449763530e+00
7.463893694769e+00
7.410758626345e+00
7.391620166906e+00
7.365530302952e+00
7.338331242231e+00
7.326141083007e+00
7.319126445652e+00
7.316592969972e+00
