-7.332801033044e-12
-2.212956928815e-07
2.462892530275e-05
5.746916763258e-03
7.060429997847e-02
3.255444285654e-01
8.560789575131e-01
1.618547642337e+00
2.506057690051e+00
3.398667865078e+00
4.215755776909e+00
4.920928856526e+00
5.516058784172e+00
6.012214815251e+00
6.408449588003e+00
6.719491285662e+00
6.950946584113e+00
7.114598935167e+00
7.228144873820e+00
7.292678813723e+00
7.335149113914e+00
7.347909583982e+00
7.361873129566e+00
7.364305891756e+00
7.357683629271e+00
7.355730451268e+00
7.350806204314e+00
7.343995999441e+00
7.341315036003e+00
7.339414677999e+00
7.338308910600e+00
