1.608782440599e-09
1.471585164836e-08
1.065882315743e-07
-1.138945378898e-06
4.993540585474e-06
7.670874538235e-05
2.720957114207e-03
1.892383544828e-02
7.195410453301e-02
2.178843332324e-01
5.107234893438e-01
1.007645427147e+00
1.720361779965e+00
2.561422099396e+00
3.546383017291e+00
4.447590739686e+00
5.329778563123e+00
6.104729393728e+00
6.654440800807e+00
7.052802163218e+00
7.310768293801e+00
7.423653956677e+00
7.461656821483e+00
7.461649288186e+00
7.406728243995e+00
7.388789847094e+00
7.365487478198e+00
7.339570915257e+00
7.327952582696e+00
7.321308262441e+00
7.319203202872e+00
