1.404544036632e-09
1.329993892796e-08
7.809961743988e-08
-6.579689397768e-07
5.295463779476e-06
7.378615174503e-05
2.679385990859e-03
1.868736230722e-02
7.094503740427e-02
2.154427542973e-01
5.048888012751e-01
9.965268072693e-01
1.704205817942e+00
2.542208353604e+00
3.525553468234e+00
4.432023219360e+00
5.320087108004e+00
6.105716065363e+00
6.664237598994e+00
7.071846072992e+00
7.335218425618e+00
7.451522347594e+00
7.488556804213e+00
7.487017294043e+00
7.427228561791e+00
7.405791610840e+00
7.378739475183e+00
7.348662261935e+00
7.334407668421e+00
7.325728828501e+00
7.322230110070e+00
