-1.830471774156e-09
3.964163397541e-08
4.005704568044e-08
-9.249262120647e-07
6.945021141291e-06
5.620320450817e-04
5.601390760035e-03
2.716831046547e-02
9.422189077583e-02
2.573262949529e-01
5.880605004457e-01
1.132239121031e+00
1.893655111481e+00
2.773989740089e+00
3.752832267999e+00
4.738399611777e+00
5.597848539059e+00
6.364044189285e+00
6.885578719350e+00
7.232214275779e+00
7.441382689346e+00
7.498464297364e+00
7.528409554613e+00
7.522523846184e+00
7.463425913884e+00
7.426984135641e+00
7.396764721838e+00
7.361168027967e+00
7.340581275655e+00
7.330588404875e+00
7.328072378862e+00
