-1.349803824269e-09
4.414982868184e-08
-1.116592329709e-07
-1.661955707277e-06
1.539900682701e-05
5.128836912149e-04
5.192719535103e-03
2.543882706277e-02
8.925643905741e-02
2.465499734674e-01
5.701862674131e-01
1.104057790323e+00
1.855229962539e+00
2.730115948959e+00
3.698722452416e+00
4.686416863078e+00
5.544702633739e+00
6.319576495347e+00
6.848142825864e+00
7.201391704386e+00
7.420973263304e+00
7.491681144128e+00
7.522922462459e+00
7.524438617828e+00
7.473259244272e+00
7.435308284828e+00
7.405977257975e+00
7.370040604431e+00
7.346904955393e+00
7.335213670204e+00
7.330484662387e+00
