1.649425485084e-09
2.735288262556e-08
5.063708385933e-08
-1.052069080743e-06
6.280143566073e-06
8.367833584089e-05
3.609343915741e-03
2.446175454685e-02
9.032909526604e-02
2.617534542418e-01
6.007797468599e-01
1.158718537431e+00
1.925272944310e+00
2.804570674937e+00
3.813276872023e+00
4.691571895859e+00
5.548112737677e+00
6.263433284660e+00
6.768549936610e+00
7.121232459125e+00
7.340744565784e+00
7.418239764089e+00
7.448039338259e+00
7.436011681373e+00
7.388237294237e+00
7.371903161873e+00
7.352142737453e+00
7.333338208696e+00
7.325167597034e+00
7.321476958285e+00
7.321232453076e+00
