1.590876763657e-09
3.411781790419e-08
3.278626081737e-08
-1.194002663851e-06
6.451892545556e-06
6.671503854250e-05
2.840972247384e-03
1.996902653786e-02
7.556317163869e-02
2.266425382036e-01
5.278960835004e-01
1.034281010953e+00
1.752691979668e+00
2.594597324516e+00
3.576156429280e+00
4.465816448154e+00
5.336226152331e+00
6.096850875327e+00
6.643020862497e+00
7.042372382466e+00
7.299063965963e+00
7.411295625101e+00
7.452458583077e+00
7.453796860960e+00
7.402754223193e+00
7.386584854019e+00
7.364330855645e+00
7.339323941634e+00
7.328063856675e+00
7.321258822670e+00
7.318554372899e+00
