-3.682885107992e-10
3.192025133103e-08
-1.333239652013e-08
3.313903107482e-08
1.548764885229e-07
-1.645212756785e-05
-2.736716857044e-05
1.371094913338e-05
1.949126343561e-04
6.779640399373e-04
1.853064492025e-03
4.539331679439e-03
1.126207969526e-02
2.802343868035e-02
5.350508466967e-02
9.667960491959e-02
1.569306168938e-01
2.359926252603e-01
3.451090898327e-01
4.785088687699e-01
6.414290736348e-01
8.342044619059e-01
1.055412389468e+00
1.304284892732e+00
1.581200137279e+00
1.880314864604e+00
2.200358958191e+00
2.543160532066e+00
2.895886019221e+00
3.257000941075e+00
3.630752623217e+00
