1.683645223238e-09
1.317482656304e-08
6.443377742471e-08
-1.226214919825e-06
8.942019690039e-06
1.060133396322e-04
3.013599524195e-03
2.055868724347e-02
7.839439432496e-02
2.336445059084e-01
5.409029131063e-01
1.057498188602e+00
1.795433814408e+00
2.649287627631e+00
3.637250434106e+00
4.544950743987e+00
5.409506532170e+00
6.176067464553e+00
6.710987892066e+00
7.090133800267e+00
7.336387914733e+00
7.441542434565e+00
7.464522723172e+00
7.461971094172e+00
7.401213636254e+00
7.381019411134e+00
7.358431900904e+00
7.334247660354e+00
7.323501663835e+00
7.318416498204e+00
7.318725934181e+00
