-2.128274445568e-09
8.196820999729e-08
-2.999026378347e-07
-1.509079424977e-06
1.789628811366e-06
5.483409688622e-04
5.587450223004e-03
2.688516296081e-02
9.297652593295e-02
2.549616316683e-01
5.877414834815e-01
1.129024560309e+00
1.887157237954e+00
2.769529551824e+00
3.738436610338e+00
4.729573484578e+00
5.581027357702e+00
6.349979018753e+00
6.872269328168e+00
7.217849974092e+00
7.432698470240e+00
7.502988739320e+00
7.526884503148e+00
7.525497125943e+00
7.472549243097e+00
7.429797636164e+00
7.399937690177e+00
7.364999110406e+00
7.341350740622e+00
7.329707001742e+00
7.325304806385e+00
